1652795319217 1.188899436380182 0
1652795352462 0.15313923551930467 1
1652795403643 0.10612119139725532 2
1652795436828 0.06600287184794096 3
1652795469728 0.06986026187845762 4
1652795518374 0.03873777793647816 5
1652795550931 0.03004627784358108 6
1652795583091 0.027580903543571036 7
1652795630904 0.016062459010846804 8
1652795696352 0.01242382550588124 9
1652795727638 0.009772544268772061 10
1652795760064 0.008763632557341172 11
1652795791506 0.00530636539502559 12
1652795824289 0.004497331809501962 13
1652795856398 0.007152720371369219 14
1652795888457 0.0050040229396182585 15
1652795920327 0.0027803047842757805 16
1652795968539 0.0016903141481832238 17
1652796000645 0.0024083756125300947 18
