1652795319217 10.250504493713379 0
1652795352462 5.400520324707031 1
1652795403643 4.161373615264893 2
1652795436828 3.3684935569763184 3
1652795469728 3.061626434326172 4
1652795518374 2.659048080444336 5
1652795550931 2.2881956100463867 6
1652795583091 2.0778632164001465 7
1652795630904 1.7972463369369507 8
1652795696352 1.6994714736938477 9
1652795727638 1.6202020645141602 10
1652795760064 1.5651347637176514 11
1652795791506 1.4322829246520996 12
1652795824289 1.380156397819519 13
1652795856398 1.5032211542129517 14
1652795888457 1.502346158027649 15
1652795920327 1.4143149852752686 16
1652795968539 1.3947477340698242 17
1652796000645 1.3363269567489624 18
