1652795319217 12.311137066568648 0
1652795352462 2.253707047821819 1
1652795403643 2.1221901472064033 2
1652795436828 2.579420480175295 3
1652795469728 2.8225136494291 4
1652795518374 2.9501211643218994 5
1652795550931 3.0184663447780884 6
1652795583091 3.064735063608142 7
1652795630904 3.511306323866913 8
1652795696352 3.3227772817892185 9
1652795727638 3.091413543504827 10
1652795760064 3.3511464946410237 11
1652795791506 3.3608270322575287 12
1652795824289 3.4545631408691406 13
1652795856398 3.2791283890820933 14
1652795888457 3.117004176844721 15
1652795920327 3.358305395513341 16
1652795968539 3.2923877273780713 17
1652796000645 3.3935032478277236 18
