1652795319217 12.666057865960257 0
1652795352462 3.0576962733614272 1
1652795403643 3.113007272499195 2
1652795436828 3.9798654611559883 3
1652795469728 4.332195022831792 4
1652795518374 4.647092991980953 5
1652795550931 4.882460853327876 6
1652795583091 5.006929898607558 7
1652795630904 5.85687313909116 8
1652795696352 5.698696311782388 9
1652795727638 5.239386832012849 10
1652795760064 5.766875954235301 11
1652795791506 6.005984355421627 12
1652795824289 6.255736575807844 13
1652795856398 5.784838918326558 14
1652795888457 5.602718498395837 15
1652795920327 6.152062989663387 16
1652795968539 6.096101380776668 17
1652796000645 6.418771840523982 18
