1652795319217 17.252395847865515 0
1652795352462 7.3224602505780645 1
1652795403643 6.473826857580655 2
1652795436828 6.471128332442132 3
1652795469728 6.493984125662541 4
1652795518374 6.438549691352291 5
1652795550931 6.473675299381864 6
1652795583091 6.505692171013874 7
1652795630904 6.795023579528366 8
1652795696352 6.766722454744227 9
1652795727638 6.398559016339919 10
1652795760064 6.712356132619521 11
1652795791506 6.751504884046667 12
1652795824289 6.83743064062936 13
1652795856398 6.692153695700825 14
1652795888457 6.5973478054654775 15
1652795920327 6.845153926075369 16
1652795968539 6.81995557702106 17
1652796000645 6.920598755712095 18
