1652795319217 0.0005 0
1652795352462 9.999143312438893e-05 1
1652795403643 0.00019992290252373647 2
1652795436828 0.0002997858281147566 3
1652795469728 0.00039958015115922106 4
1652795518374 0.000499305765807473 5
1652795550931 0.0004984582271796303 6
1652795583091 0.0004974579649771118 7
1652795630904 0.0004963056647296669 8
1652795696352 0.0004950021161663265 9
1652795727638 0.0004935482126741623 10
1652795760064 0.0004919449506860037 11
1652795791506 0.0004901934289975327 12
1652795824289 0.0004882948480142241 13
1652795856398 0.0004862505089286475 14
1652795888457 0.00048406181282869534 15
1652795920327 0.0004817302597373466 16
1652795968539 0.00047925744758462645 17
1652796000645 0.0004766450711124646 18
