1652795319217 0.9779415487178734 0
1652795352462 0.32998799732413847 1
1652795403643 0.1804355325217804 2
1652795436828 0.11244915917758709 3
1652795469728 0.07787439996457618 4
1652795518374 0.05632688909553099 5
1652795550931 0.042678595898483974 6
1652795583091 0.03239424341101793 7
1652795630904 0.02599895858219352 8
1652795696352 0.020528800860869095 9
1652795727638 0.015286238768192776 10
1652795760064 0.014040279750000028 11
1652795791506 0.01153125659124378 12
1652795824289 0.01052724640550358 13
1652795856398 0.009132504625164944 14
1652795888457 0.007945068848683783 15
1652795920327 0.008102273750726295 16
1652795968539 0.007488979600315941 17
1652796000645 0.007222317341391159 18
