1652795319217 2.9172832548618315 0
1652795352462 0.5481841607370238 1
1652795403643 0.4622068583047476 2
1652795436828 0.40291227186368644 3
1652795469728 0.38640163335409283 4
1652795518374 0.342180542188926 5
1652795550931 0.2707680780440569 6
1652795583091 0.26259127584542485 7
1652795630904 0.2173633411783131 8
1652795696352 0.21857806510353625 9
1652795727638 0.18110129114254103 10
1652795760064 0.181793032989577 11
1652795791506 0.14848953676632579 12
1652795824289 0.1259222762326577 13
1652795856398 0.17998972789897327 14
1652795888457 0.17846929628159042 15
1652795920327 0.13799831150200867 16
1652795968539 0.14491917215881572 17
1652796000645 0.12459214844114984 18
