1652795319217 5.16637943812779 0
1652795352462 4.369208660678587 1
1652795403643 3.41261006783748 2
1652795436828 2.787129170652749 3
1652795469728 2.5274902685828833 4
1652795518374 2.221802842789802 5
1652795550931 1.9447025354357734 6
1652795583091 1.7552968799204067 7
1652795630904 1.5378215312957764 8
1652795696352 1.4479407440213596 9
1652795727638 1.414042015286053 10
1652795760064 1.3605377674102783 11
1652795791506 1.2669558314716114 12
1652795824289 1.2392094578061785 13
1652795856398 1.3069462067839028 14
1652795888457 1.310927757318469 15
1652795920327 1.2654340923696323 16
1652795968539 1.240649244059687 17
1652796000645 1.202104133108388 18
