1652714885978 0.11004928470159894 0
1652716822275 0.08092240169639998 1
1652720764289 0.08376096287157188 2
1652722711673 0.09719757160877152 3
1652724649500 0.11664527764489709 4
1652728545676 0.10582141999506696 5
1652730489342 0.09795234755293877 6
1652732428081 0.09270768626822815 7
1652736336844 0.08795655301872686 8
1652738297657 0.08351476714921913 9
1652740233351 0.07985492460483073 10
1652742165850 0.0766458071231524 11
1652744097174 0.07178483859502127 12
1652746029558 0.07275668891286838 13
1652749920700 0.06561373101452497 14
1652751868433 0.06575982564008627 15
1652753809996 0.06400454447970975 16
1652757697141 0.06108480271605254 17
1652759638149 0.058543627675799084 18
1652761581068 0.059148255009257585 19
1652765494064 0.057845379222687905 20
