1652714885978 2.3697019018388836 0
1652716822275 2.320960077870763 1
1652720764289 2.65240956110388 2
1652722711673 2.8188651492749637 3
1652724649500 2.814481508000422 4
1652728545676 3.007766665817442 5
1652730489342 3.2079951474732242 6
1652732428081 3.41109188279005 7
1652736336844 3.5759137586961467 8
1652738297657 3.779784598694764 9
1652740233351 3.9578583617914926 10
1652742165850 4.1263829352007875 11
1652744097174 4.308120587379107 12
1652746029558 4.397419202238701 13
1652749920700 4.63092475105718 14
1652751868433 4.742513170981062 15
1652753809996 4.876071188766913 16
1652757697141 5.043129239888239 17
1652759638149 5.154292381920169 18
1652761581068 5.227534890244701 19
1652765494064 5.3356236126713 20
