1652714885978 9.912550926208496 0
1652716822275 8.35472583770752 1
1652720764289 7.719890594482422 2
1652722711673 7.554764270782471 3
1652724649500 7.551090717315674 4
1652728545676 7.155195236206055 5
1652730489342 6.830307960510254 6
1652732428081 6.552022933959961 7
1652736336844 6.336153507232666 8
1652738297657 6.140175819396973 9
1652740233351 5.967878341674805 10
1652742165850 5.809852600097656 11
1652744097174 5.665018081665039 12
1652746029558 5.538595199584961 13
1652749920700 5.396518707275391 14
1652751868433 5.301650047302246 15
1652753809996 5.192674160003662 16
1652757697141 5.094394207000732 17
1652759638149 5.004080295562744 18
1652761581068 4.919717311859131 19
1652765494064 4.853826522827148 20
