1652714885978 1.4685243213485704 0
1652716822275 1.3659111511255186 1
1652720764289 1.6951942397413813 2
1652722711673 1.9206228542334864 3
1652724649500 2.010867030646061 4
1652728545676 2.1374403344954698 5
1652730489342 2.28008378077545 6
1652732428081 2.429709047882195 7
1652736336844 2.551284569443398 8
1652738297657 2.704753855902029 9
1652740233351 2.8390486412855522 10
1652742165850 2.969011137935245 11
1652744097174 3.106037615367943 12
1652746029558 3.1779722478592585 13
1652749920700 3.3477501696383976 14
1652751868433 3.447389038961268 15
1652753809996 3.5425227537934516 16
1652757697141 3.671840586436025 17
1652759638149 3.7572680735141124 18
1652761581068 3.8214923077043066 19
1652765494064 3.905192660873431 20
