1652714885978 2.425860388611679 0
1652716822275 1.9615621343505978 1
1652720764289 2.151256740503455 2
1652722711673 2.266499598407871 3
1652724649500 2.2926268144134965 4
1652728545676 2.417542419944715 5
1652730489342 2.5460579506681897 6
1652732428081 2.6811909609952727 7
1652736336844 2.78258226874074 8
1652738297657 2.9108396969143198 9
1652740233351 3.029287893961701 10
1652742165850 3.1399198517020013 11
1652744097174 3.2559903348197556 12
1652746029558 3.3198714022371774 13
1652749920700 3.475446481274588 14
1652751868433 3.551167186347994 15
1652753809996 3.640803610992208 16
1652757697141 3.7499826639174856 17
1652759638149 3.8221933824246435 18
1652761581068 3.8729989819521085 19
1652765494064 3.946575110819944 20
