1652714885978 0.0003 0
1652716822275 5.999828662487778e-05 1
1652720764289 0.00011996402117774369 2
1652722711673 0.00017988863061967346 3
1652724649500 0.00023977208205786286 4
1652728545676 0.000299614314337485 5
1652730489342 0.000299143459544239 6
1652732428081 0.0002985877583206176 7
1652736336844 0.0002979475915164816 8
1652738297657 0.0002972233978701814 9
1652740233351 0.000296415673707868 10
1652742165850 0.00029552497260333546 11
1652744097174 0.00029455190499862936 12
1652746029558 0.00029349713778568015 13
1652749920700 0.0002923613938492487 14
1652751868433 0.0002911454515714975 15
1652753809996 0.000289850144298526 16
1652757697141 0.00028847635976923705 17
1652759638149 0.0002870250395069249 18
1652761581068 0.00028549717817400236 19
1652765494064 0.0002838938228903086 20
