1652714885978 0.40873382077358256 0
1652716822275 0.347244765080431 1
1652720764289 0.3405350991194466 2
1652722711673 0.3573667127463213 3
1652724649500 0.38273656987034843 4
1652728545676 0.3598439124076869 5
1652730489342 0.3406196131678615 6
1652732428081 0.32369657216652725 7
1652736336844 0.3097167859533254 8
1652738297657 0.296321587517615 9
1652740233351 0.28476122045847185 10
1652742165850 0.2755870782128675 11
1652744097174 0.2626455887427666 12
1652746029558 0.2577902630634157 13
1652749920700 0.24320851939649585 14
1652751868433 0.23887692787595963 15
1652753809996 0.23101743573169778 16
1652757697141 0.22293598193200453 17
1652759638149 0.21305481022021433 18
1652761581068 0.21180070059132539 19
1652765494064 0.20763662968126784 20
