1652714885978 9.042824150196612 0
1652716822275 7.793706983995571 1
1652720764289 7.22185587429131 2
1652722711673 7.052799207711398 3
1652724649500 7.019033503647622 4
1652728545676 6.666018766773133 5
1652730489342 6.374168725305646 6
1652732428081 6.122021478976712 7
1652736336844 5.927575238872751 8
1652738297657 5.751229094767714 9
1652740233351 5.595346683097071 10
1652742165850 5.450508796756702 11
1652744097174 5.323954161507523 12
1652746029558 5.201832757406029 13
1652749920700 5.081469141401821 14
1652751868433 4.990855317458626 15
1652753809996 4.891489099586785 16
1652757697141 4.804034871494973 17
1652759638149 4.726065577752561 18
1652761581068 4.642280725512368 19
1652765494064 4.581702799953467 20
