1652714885978 0.35094391714810436 0
1652716822275 0.13285102323103362 1
1652720764289 0.07373849573722244 2
1652722711673 0.04740070599746145 3
1652724649500 0.032675273579287976 4
1652728545676 0.023511495067046424 5
1652730489342 0.017567636572628206 6
1652732428081 0.01359720948707655 7
1652736336844 0.010904827562737258 8
1652738297657 0.009110693784601368 9
1652740233351 0.007915155547760348 10
1652742165850 0.007110822821131732 11
1652744097174 0.006633646380873457 12
1652746029558 0.006215401825590937 13
1652749920700 0.00622790712761742 14
1652751868433 0.006157737908682226 15
1652753809996 0.006162896317453846 16
1652757697141 0.006338422969458314 17
1652759638149 0.00641610251618773 18
1652761581068 0.006487656468045409 19
1652765494064 0.006641919892114913 20
