1652939066165 0.7095652353018522 0
1652939098357 0.12707096481091762 1
1652939147127 0.07346608969416685 2
1652939179720 0.04692610771820435 3
1652939212200 0.05646302509326167 4
1652939260595 0.03845669241390947 5
1652939292970 0.015001018989689486 6
1652939327121 0.008617132200279098 7
1652939379708 0.0014986671183420265 8
1652939412626 0.01009113120380789 9
1652939445223 0.011067491893032532 10
1652939478718 0.006337268793311737 11
1652939511777 0.0008181388667948983 12
1652939546188 0.0031245942693203686 13
1652939579777 0.0012514435794150484 14
1652939613394 0.00046171097041013235 15
1652939647204 5.707395367621296e-05 16
1652939699091 0.000268817238131727 17
