1652939066165 7.9214427947998045 0
1652939098357 1.8181294323741526 1
1652939147127 1.7931343213371609 2
1652939179720 2.0344023549038432 3
1652939212200 2.1317058266073032 4
1652939260595 2.2764545437218486 5
1652939292970 2.451671838760376 6
1652939327121 2.466837041619895 7
1652939379708 2.61174223906752 8
1652939412626 2.6804554497494415 9
1652939445223 2.6886730790138245 10
1652939478718 2.831414899405311 11
1652939511777 2.7301661056630753 12
1652939546188 2.604021177973066 13
1652939579777 2.6817986412324766 14
1652939613394 2.5237950743108555 15
1652939647204 2.645902937737064 16
1652939699091 2.519140768742216 17
