1652939066165 8.599452577318464 0
1652939098357 2.6326359735018965 1
1652939147127 2.950131678926772 2
1652939179720 3.606105217035266 3
1652939212200 3.6778803459112197 4
1652939260595 4.09213045714558 5
1652939292970 4.600600525952768 6
1652939327121 4.920732201009557 7
1652939379708 5.414424433224443 8
1652939412626 5.384892484721015 9
1652939445223 5.135749957140754 10
1652939478718 5.579125621739556 11
1652939511777 5.75046443939209 12
1652939546188 5.530035734176636 13
1652939579777 5.734067792477815 14
1652939613394 5.595867495605911 15
1652939647204 6.022006539330966 16
1652939699091 5.873752151710399 17
