1652939066165 8.442338943481445 0
1652939098357 5.477783203125 1
1652939147127 4.39412784576416 2
1652939179720 3.613800048828125 3
1652939212200 3.3002188205718994 4
1652939260595 2.75734543800354 5
1652939292970 2.344144582748413 6
1652939327121 1.9843294620513916 7
1652939379708 1.6210074424743652 8
1652939412626 1.6164517402648926 9
1652939445223 1.6339523792266846 10
1652939478718 1.4634214639663696 11
1652939511777 1.3648134469985962 12
1652939546188 1.2986763715744019 13
1652939579777 1.2719142436981201 14
1652939613394 1.2474970817565918 15
1652939647204 1.2024531364440918 16
1652939699091 1.1626626253128052 17
