1652939066165 11.83807589667184 0
1652939098357 5.609846350075542 1
1652939147127 5.136767912602079 2
1652939179720 5.1544353996498 3
1652939212200 5.187991294307985 4
1652939260595 5.208545560422151 5
1652939292970 5.421692336814991 6
1652939327121 5.523168847180795 7
1652939379708 5.652760319087816 8
1652939412626 5.690533792271333 9
1652939445223 5.480653159758624 10
1652939478718 5.699377943487728 11
1652939511777 5.755090418983908 12
1652939546188 5.654869168145316 13
1652939579777 5.716226094010947 14
1652939613394 5.672069653220799 15
1652939647204 5.8484799067179365 16
1652939699091 5.780072682145713 17
