1652939066165 0.0005 0
1652939098357 9.999691581204153e-05 1
1652939147127 0.00019997224287914177 2
1652939179720 0.0002999228953012726 3
1652939212200 0.0003998488654674885 4
1652939260595 0.0004997501396724521 5
1652939292970 0.0004994448804385071 6
1652939327121 0.0004990842976163133 7
1652939379708 0.0004986684801742867 8
1652939412626 0.0004981975307091589 9
1652939445223 0.0004976715654206637 10
1652939478718 0.0004970907140828657 11
1652939511777 0.0004964551200121411 12
1652939546188 0.0004957649400318162 13
1652939579777 0.0004950203444334737 14
1652939613394 0.0004942215169349359 15
1652939647204 0.000493368654634935 16
1652939699091 0.0004924619679644819 17
