1652939066165 5.211584963117327 0
1652939098357 4.688207567601964 1
1652939147127 3.8336891229601875 2
1652939179720 3.1880844555039336 3
1652939212200 2.826654276986053 4
1652939260595 2.396652456642925 5
1652939292970 2.0751342963481294 6
1652939327121 1.7632157802581787 7
1652939379708 1.4706318413001904 8
1652939412626 1.421108042492586 9
1652939445223 1.4292459470384262 10
1652939478718 1.2940391582601212 11
1652939511777 1.2130582823472864 12
1652939546188 1.1617523465837751 13
1652939579777 1.1421393976695295 14
1652939613394 1.1250577715859897 15
1652939647204 1.0931172319080518 16
1652939699091 1.0475528473439424 17
