1652939066165 2.03127121925354 0
1652939098357 0.4916001461122347 1
1652939147127 0.3928098557651907 2
1652939179720 0.31981071370883263 3
1652939212200 0.37619927714484325 4
1652939260595 0.2920781199995806 5
1652939292970 0.23058420608319558 6
1652939327121 0.19424007867928594 7
1652939379708 0.13458913526045618 8
1652939412626 0.17327802322003716 9
1652939445223 0.1836033214939936 10
1652939478718 0.15398127450530677 11
1652939511777 0.14323282108393065 12
1652939546188 0.12761100419863527 13
1652939579777 0.12253378195674632 14
1652939613394 0.11699424364496076 15
1652939647204 0.10418665876099165 16
1652939699091 0.11064443655609005 17
