1652939066165 0.48991808497479983 0
1652939098357 0.17090480595125238 1
1652939147127 0.09416305128673928 2
1652939179720 0.05897892975126919 3
1652939212200 0.0409023010617365 4
1652939260595 0.03015822449874511 5
1652939292970 0.023424815794830953 6
1652939327121 0.01825647787325948 7
1652939379708 0.014287762934396016 8
1652939412626 0.01197447139180868 9
1652939445223 0.010035638461190769 10
1652939478718 0.009063701227526455 11
1652939511777 0.007704193190233234 12
1652939546188 0.0061884059870083415 13
1652939579777 0.005989538657519481 14
1652939613394 0.004983267885214393 15
1652939647204 0.005092150835401338 16
1652939699091 0.004196388019329827 17
