1652705043000 1.5020426181810242 0
1652705068483 0.36204997463417904 1
1652705111870 0.2364998557272234 2
1652705137082 0.1727010948982622 3
1652705162718 0.13014494602508161 4
1652705204746 0.10238145344192162 5
1652705229894 0.06646127189950286 6
1652705254561 0.047172645497734526 7
1652705296261 0.029493491040609245 8
1652705320818 0.02127855626375614 9
1652705345423 0.03414182277940979 10
1652705446194 0.013734765300926353 11
1652705470288 0.0037515534519281407 12
1652705493999 0.006155407040126772 13
1652705535975 0.006304877667519447 14
1652705560562 0.00564553108493523 15
1652705585110 0.0036371752344816093 16
1652705625875 0.0017333802731757583 17
1652705649981 0.0041484593634127775 18
1652705674509 0.0029646251984688987 19
1652705715622 0.0014601481002500805 20
1652705739843 0.000935529962986369 21
1652705763894 0.0004990788349625126 22
1652705803752 0.0004314704544164918 23
1652705828154 0.006660601381944227 24
1652705852510 0.004032571970518413 25
1652705892881 0.002992637704924813 26
1652705916954 0.00527269427610528 27
1652705941037 0.0017680159570383175 28
1652705965091 0.004336839539676228 29
1652705988847 0.004327237830412659 30
1652706013648 0.004535589446147371 31
1652706054079 0.003696731130860696 32
1652706078386 0.004105274363869934 33
1652706102736 0.004503619370682698 34
1652706143081 0.0018326071845617012 35
1652706167195 0.00032228665077127516 36
1652706191039 0.0012838110671675002 37
1652706230973 0.00037259435789151625 38
