1652705043000 12.092159475599017 0
1652705068483 2.5155566377299174 1
1652705111870 2.122603950755937 2
1652705137082 2.18742872774601 3
1652705162718 2.5987049362489154 4
1652705204746 2.7488440658364977 5
1652705229894 3.376149765082768 6
1652705254561 3.802005720990045 7
1652705296261 4.373253771236965 8
1652705320818 4.343384768281664 9
1652705345423 4.298594917569842 10
1652705446194 4.734009921550751 11
1652705470288 5.292412307045677 12
1652705493999 5.247105598449707 13
1652705535975 5.544418326445988 14
1652705560562 5.113343111106327 15
1652705585110 5.406396968024118 16
1652705625875 5.751743597643716 17
1652705649981 5.2922126565660745 18
1652705674509 5.552045081342969 19
1652705715622 5.751580970627921 20
1652705739843 5.908189851587469 21
1652705763894 5.947149692882191 22
1652705803752 6.086398341438987 23
1652705828154 5.622823936598642 24
1652705852510 5.808481361184802 25
1652705892881 6.062473509992872 26
1652705916954 5.966544781412397 27
1652705941037 6.423370608261654 28
1652705965091 6.623368505998092 29
1652705988847 6.338475175337358 30
1652706013648 6.177030001367841 31
1652706054079 6.052475690841675 32
1652706078386 5.900908972535815 33
1652706102736 5.913589188030788 34
1652706143081 6.031231343746185 35
1652706167195 6.133622757026127 36
1652706191039 6.1106841260736635 37
1652706230973 6.175384937633168 38
