1652705043000 12.26647526877267 0
1652705068483 2.208992225783212 1
1652705111870 1.5412982170070921 2
1652705137082 1.4266671793801444 3
1652705162718 1.6028475612401962 4
1652705204746 1.63436920940876 5
1652705229894 1.8762270041874476 6
1652705254561 2.057886866586549 7
1652705296261 2.3301666570561275 8
1652705320818 2.3465315252542496 9
1652705345423 2.3313115217856 10
1652705446194 2.4472014733723233 11
1652705470288 2.6149993072856557 12
1652705493999 2.6733958981253885 13
1652705535975 2.8529730098588124 14
1652705560562 2.665537472282137 15
1652705585110 2.7526478384222304 16
1652705625875 2.921223210436957 17
1652705649981 2.6820782252720425 18
1652705674509 2.7645839282444546 19
1652705715622 2.807877791779382 20
1652705739843 2.8874061064286667 21
1652705763894 2.81419508673928 22
1652705803752 2.8559553319757636 23
1652705828154 2.7718880474567413 24
1652705852510 2.936917964901243 25
1652705892881 3.09689148409026 26
1652705916954 3.0685937191758836 27
1652705941037 3.2320829204150607 28
1652705965091 3.38274000341242 29
1652705988847 3.073690180345015 30
1652706013648 3.039051984037672 31
1652706054079 2.9923820793628693 32
1652706078386 2.8351560405322482 33
1652706102736 2.7916569241455624 34
1652706143081 2.663521042891911 35
1652706167195 2.7717049547604153 36
1652706191039 2.7549425862052224 37
1652706230973 2.665628858046098 38
