1652705043000 10.402185440063477 0
1652705068483 5.837761402130127 1
1652705111870 4.79487943649292 2
1652705137082 3.9933769702911377 3
1652705162718 3.3775599002838135 4
1652705204746 2.8945319652557373 5
1652705229894 2.472689390182495 6
1652705254561 2.2043604850769043 7
1652705296261 1.8588049411773682 8
1652705320818 1.7279125452041626 9
1652705345423 1.6916249990463257 10
1652705446194 1.4334410429000854 11
1652705470288 1.266678810119629 12
1652705493999 1.2619545459747314 13
1652705535975 1.2143914699554443 14
1652705560562 1.2333588600158691 15
1652705585110 1.1982951164245605 16
1652705625875 1.1437324285507202 17
1652705649981 1.179379940032959 18
1652705674509 1.108161211013794 19
1652705715622 1.087998628616333 20
1652705739843 1.094103455543518 21
1652705763894 1.0299657583236694 22
1652705803752 1.0245764255523682 23
1652705828154 1.1206161975860596 24
1652705852510 1.1422284841537476 25
1652705892881 1.161317229270935 26
1652705916954 1.2050405740737915 27
1652705941037 1.1688860654830933 28
1652705965091 1.1997343301773071 29
1652705988847 1.1871346235275269 30
1652706013648 1.1647032499313354 31
1652706054079 1.1713428497314453 32
1652706078386 1.1107795238494873 33
1652706102736 1.1051254272460938 34
1652706143081 1.043299913406372 35
1652706167195 1.0181292295455933 36
1652706191039 1.0221556425094604 37
1652706230973 0.9893502593040466 38
