1652705043000 16.063890184674943 0
1652705068483 6.77711021048682 1
1652705111870 5.874319647039686 2
1652705137082 5.6617511340550015 3
1652705162718 5.7142839431762695 4
1652705204746 5.641171327659062 5
1652705229894 5.7642837933131625 6
1652705254561 5.966878584453037 7
1652705296261 6.111591671194349 8
1652705320818 6.069660646574838 9
1652705345423 5.921073922089168 10
1652705446194 6.014873700482505 11
1652705470288 6.173124703493985 12
1652705493999 6.228383150967685 13
1652705535975 6.300390771457127 14
1652705560562 6.111754247120449 15
1652705585110 6.252444761140006 16
1652705625875 6.398307340485709 17
1652705649981 6.1291965416499545 18
1652705674509 6.248095895562853 19
1652705715622 6.366914519241878 20
1652705739843 6.4275446111505685 21
1652705763894 6.424478825655851 22
1652705803752 6.468063892017711 23
1652705828154 6.321076921054295 24
1652705852510 6.42378579718726 25
1652705892881 6.556327044963837 26
1652705916954 6.512452755655561 27
1652705941037 6.69537216424942 28
1652705965091 6.923834462599321 29
1652705988847 6.611452995647084 30
1652706013648 6.545946862016406 31
1652706054079 6.510676264762878 32
1652706078386 6.375326156616211 33
1652706102736 6.387615833963666 34
1652706143081 6.396781810692379 35
1652706167195 6.487696162291935 36
1652706191039 6.438765907287598 37
1652706230973 6.4787680886008525 38
