1652705043000 0.0003 0
1652705068483 5.999828662487778e-05 1
1652705111870 0.00011996402117774369 2
1652705137082 0.00017988863061967346 3
1652705162718 0.00023977208205786286 4
1652705204746 0.000299614314337485 5
1652705229894 0.000299143459544239 6
1652705254561 0.0002985877583206176 7
1652705296261 0.0002979475915164816 8
1652705320818 0.0002972233978701814 9
1652705345423 0.000296415673707868 10
1652705446194 0.00029552497260333546 11
1652705470288 0.00029455190499862936 12
1652705493999 0.00029349713778568015 13
1652705535975 0.0002923613938492487 14
1652705560562 0.0002911454515714975 15
1652705585110 0.000289850144298526 16
1652705625875 0.00028847635976923705 17
1652705649981 0.0002870250395069249 18
1652705674509 0.00028549717817400236 19
1652705715622 0.0002838938228903086 20
1652705739843 0.0002822160725154656 21
1652705763894 0.00028046507689577494 22
1652705803752 0.00027864203607617005 23
1652705828154 0.0002767481994777658 24
1652705852510 0.0002747848650415675 25
1652705892881 0.00027275337833892696 26
1652705916954 0.00027065513164935517 27
1652705941037 0.00026849156300632335 28
1652705965091 0.0002662641552117068 29
1652705988847 0.0002639744348195465 30
1652706013648 0.00026162397108982503 31
1652706054079 0.0002592143749129746 32
1652706078386 0.0002567472977058527 33
1652706102736 0.0002542244302799439 34
1652706143081 0.00025164750168256184 35
1652706167195 0.0002490182780118467 36
1652706191039 0.0002463385612063698 37
1652706230973 0.0002436101878101747 38
