1652705043000 3.4714675886290416 0
1652705068483 0.7347100909267154 1
1652705111870 0.5424009912115123 2
1652705137082 0.4481526822117822 3
1652705162718 0.39382169781518833 4
1652705204746 0.349106252259974 5
1652705229894 0.25217786248374197 6
1652705254561 0.22332384883026993 7
1652705296261 0.16035883905962173 8
1652705320818 0.16219856067826705 9
1652705345423 0.18248942313532876 10
1652705446194 0.10916712589927816 11
1652705470288 0.08119692812589081 12
1652705493999 0.09010102031646636 13
1652705535975 0.08100268644297362 14
1652705560562 0.09976337263028004 15
1652705585110 0.0861631290463265 16
1652705625875 0.06814607459818944 17
1652705649981 0.09000703721540049 18
1652705674509 0.07830290237741012 19
1652705715622 0.06549545753348086 20
1652705739843 0.06552999220280485 21
1652705763894 0.06024207789450884 22
1652705803752 0.05620352801528167 23
1652705828154 0.08196243599273398 24
1652705852510 0.0838630403424239 25
1652705892881 0.08665917698609908 26
1652705916954 0.09676972279807419 27
1652705941037 0.07687308735746358 28
1652705965091 0.09992177217182788 29
1652705988847 0.07688463976903057 30
1652706013648 0.0826632936306331 31
1652706054079 0.09010692909318355 32
1652706078386 0.07880800754927415 33
1652706102736 0.08164760782087147 34
1652706143081 0.056288395714675844 35
1652706167195 0.04292355603761929 36
1652706191039 0.051233582401817496 37
1652706230973 0.04694319328356704 38
