1652705043000 4.925144646848951 0
1652705068483 4.60886230639049 1
1652705111870 3.948357582092285 2
1652705137082 3.3293412157467435 3
1652705162718 2.823678176317896 4
1652705204746 2.4212881816285 5
1652705229894 2.136942054544176 6
1652705254561 1.919405656201499 7
1652705296261 1.6567225520099913 8
1652705320818 1.5340887137821742 9
1652705345423 1.4662262329033442 10
1652705446194 1.302944429218769 11
1652705470288 1.1744958259842613 12
1652705493999 1.1592602144588124 13
1652705535975 1.120836962546621 14
1652705560562 1.122420375900609 15
1652705585110 1.1030288913420268 16
1652705625875 1.0683367805821555 17
1652705649981 1.080457134970597 18
1652705674509 1.0221964110221182 19
1652705715622 1.0165309767637933 20
1652705739843 1.0228679505261509 21
1652705763894 0.9649503447792747 22
1652705803752 0.963806624846025 23
1652705828154 1.027642613010747 24
1652705852510 1.0494947114161082 25
1652705892881 1.0662098548242025 26
1652705916954 1.0975450362477983 27
1652705941037 1.084033646753856 28
1652705965091 1.0886241316795349 29
1652705988847 1.100242589820515 30
1652706013648 1.0721398804868971 31
1652706054079 1.0726852246693201 32
1652706078386 1.023406287389142 33
1652706102736 1.0148783762540137 34
1652706143081 0.9814061224460602 35
1652706167195 0.9709774798580578 36
1652706191039 0.9658924189480869 37
1652706230973 0.9386208425868642 38
