1652705043000 0.5035291737211602 0
1652705068483 0.13213879937705184 1
1652705111870 0.06762119597988203 2
1652705137082 0.04318202871737802 3
1652705162718 0.02991466034187137 4
1652705204746 0.02175589587880365 5
1652705229894 0.017107993979672238 6
1652705254561 0.014458282871471186 7
1652705296261 0.012229969924581903 8
1652705320818 0.010346666340150737 9
1652705345423 0.0087674391688779 10
1652705446194 0.007594718552094751 11
1652705470288 0.00723448072729463 12
1652705493999 0.0064379576508971775 13
1652705535975 0.0062468429179196915 14
1652705560562 0.005529514809105811 15
1652705585110 0.0054658369127927086 16
1652705625875 0.005516092259702938 17
1652705649981 0.004767241480294615 18
1652705674509 0.004697078369125458 19
1652705715622 0.004511966993699649 20
1652705739843 0.0047699602955782955 21
1652705763894 0.004274290855127302 22
1652705803752 0.0041348685044795275 23
1652705828154 0.0043504989173795494 24
1652705852510 0.004838154780113005 25
1652705892881 0.005455529737186485 26
1652705916954 0.005453137522895953 27
1652705941037 0.00621123395727149 28
1652705965091 0.006851701040498235 29
1652705988847 0.005680133190683343 30
1652706013648 0.005364387844955283 31
1652706054079 0.004853940506498995 32
1652706078386 0.004459906086724784 33
1652706102736 0.004095821117516607 34
1652706143081 0.003772754205523857 35
1652706167195 0.00390590655401216 36
1652706191039 0.0037458487490022725 37
1652706230973 0.003413593923588368 38
