1652440497905 0.016152489617283484 24
1652445654320 0.016581858434110915 25
1652452929117 0.015581280097676418 26
1652458232724 0.01397062825938444 27
1652463495363 0.014041886536646486 28
1652468733906 0.013385001375922165 29
1652473947600 0.01386240590407724 30
1652479213395 0.012748616852518558 31
1652486509878 0.01266164946343384 32
1652491752693 0.012202201861152331 33
1652496926329 0.011154813826809898 34
1652504251962 0.011633059196097771 35
1652509450246 0.010426340221246048 36
1652514631598 0.01098204192791898 37
1652519744682 0.010496804921364185 38
1652527709716 0.009177108086685261 39
1652532577244 0.00979164063504094 40
1652539630691 0.009874989443619192 41
