1652440497905 4.049655694964899 24
1652445654320 4.074080502975735 25
1652452929117 4.067137791575286 26
1652458232724 4.085827680620615 27
1652463495363 4.1031379348615005 28
1652468733906 4.119154401717056 29
1652473947600 4.141777801843257 30
1652479213395 4.1214927435479884 31
1652486509878 4.110134923273755 32
1652491752693 4.0989113120744465 33
1652496926329 4.116673608248549 34
1652504251962 4.086603430212382 35
1652509450246 4.091530151923572 36
1652514631598 4.079346407180426 37
1652519744682 4.0321300715819115 38
1652527709716 4.033618399492117 39
1652532577244 4.024860816685642 40
1652539630691 4.000047173584971 41
