1652440497905 6.500591099988442 24
1652445654320 6.552130130986354 25
1652452929117 6.566898776363187 26
1652458232724 6.609567233470409 27
1652463495363 6.647153539364877 28
1652468733906 6.69413397456288 29
1652473947600 6.73705835435138 30
1652479213395 6.740365114296946 31
1652486509878 6.741231000635707 32
1652491752693 6.748430001478723 33
1652496926329 6.8024144688273775 34
1652504251962 6.770569361306399 35
1652509450246 6.810620003586745 36
1652514631598 6.80551342882614 37
1652519744682 6.7787093700549725 38
1652527709716 6.819166367111251 39
1652532577244 6.815753168945795 40
1652539630691 6.796079039685393 41
