1652440497905 4.683936595916748 24
1652445654320 4.656183242797852 25
1652452929117 4.610683917999268 26
1652458232724 4.580494403839111 27
1652463495363 4.543055057525635 28
1652468733906 4.509650230407715 29
1652473947600 4.48709774017334 30
1652479213395 4.45336389541626 31
1652486509878 4.4204511642456055 32
1652491752693 4.3910322189331055 33
1652496926329 4.3686323165893555 34
1652504251962 4.339774131774902 35
1652509450246 4.2856125831604 36
1652514631598 4.269178867340088 37
1652519744682 4.25478458404541 38
1652527709716 4.204514503479004 39
1652532577244 4.1972126960754395 40
1652539630691 4.1633195877075195 41
