1652440497905 4.786770551475053 24
1652445654320 4.818023746775598 25
1652452929117 4.823809054792766 26
1652458232724 4.848332939158005 27
1652463495363 4.874025831014728 28
1652468733906 4.903773664143338 29
1652473947600 4.928962932196083 30
1652479213395 4.929427311815943 31
1652486509878 4.930165143301248 32
1652491752693 4.931990681570495 33
1652496926329 4.967636665620867 34
1652504251962 4.946008108046531 35
1652509450246 4.971327557391727 36
1652514631598 4.964712073619721 37
1652519744682 4.950413683694081 38
1652527709716 4.974622396425539 39
1652532577244 4.974780739024072 40
1652539630691 4.958735486337149 41
