1652440497905 4.539069813746878 24
1652445654320 4.5113204943457825 25
1652452929117 4.471135764490139 26
1652458232724 4.445959419766205 27
1652463495363 4.408064005189447 28
1652468733906 4.376648967064422 29
1652473947600 4.3534446663966 30
1652479213395 4.324160581438924 31
1652486509878 4.291253703003077 32
1652491752693 4.264045116436627 33
1652496926329 4.245071115581478 34
1652504251962 4.214978177397186 35
1652509450246 4.1654771122149254 36
1652514631598 4.1472813960063535 37
1652519744682 4.1351445466925965 38
1652527709716 4.088558897025137 39
1652532577244 4.080526627062523 40
1652539630691 4.046133123778135 41
