1652440497905 0.006396988143042671 24
1652445654320 0.006458348517632156 25
1652452929117 0.0064246923072026185 26
1652458232724 0.006479447963085652 27
1652463495363 0.00650642814071375 28
1652468733906 0.0065553108358540986 29
1652473947600 0.006623323371175863 30
1652479213395 0.0065612599143785475 31
1652486509878 0.006518153426492274 32
1652491752693 0.006470539517695871 33
1652496926329 0.006526090381520817 34
1652504251962 0.006422158873204889 35
1652509450246 0.006437794591949148 36
1652514631598 0.006401819502460206 37
1652519744682 0.0062588695981487955 38
1652527709716 0.006269902846730665 39
1652532577244 0.0062391416292937405 40
1652539630691 0.006157480128302135 41
