1652440497905 0.12231729681942978 24
1652445654320 0.1218226021766443 25
1652452929117 0.11754176376211412 26
1652458232724 0.11408458824909021 27
1652463495363 0.11444215970631556 28
1652468733906 0.11306067880389285 29
1652473947600 0.11316715326737077 30
1652479213395 0.10989379182957888 31
1652486509878 0.11001709386301187 32
1652491752693 0.10831432643557054 33
1652496926329 0.10588049019571051 34
1652504251962 0.10674080623673504 35
1652509450246 0.10327135782623567 36
1652514631598 0.10451377265291917 37
1652519744682 0.10288403595052904 38
1652527709716 0.10050851698197716 39
1652532577244 0.1006550379756091 40
1652539630691 0.10115366046415447 41
