1653034498926 2.549402645656041 0
1653034529457 1.6663090951588688 1
1653034576685 1.0532302740885287 2
1653034607336 0.5896452571056328 3
1653034637682 0.4382632494283219 4
1653034683346 0.32531145626368624 5
1653034714038 0.2630777711010709 6
1653034744223 0.2153111502376138 7
1653034790479 0.20424055123739704 8
1653034820332 0.192561602316952 9
1653034849843 0.17875447755795904 10
1653034896529 0.15849203357891162 11
1653034926723 0.12828863518578665 12
1653034956815 0.11876739147214257 13
1653035002979 0.1141183264363481 14
1653035032937 0.08953244395896184 15
1653035063091 0.07351233541243235 16
1653035108759 0.10561356039204615 17
1653035138980 0.06289422470824017 18
1653035168311 0.07179859676519602 19
1653035214959 0.05795363130758288 20
1653035245166 0.058783571955709886 21
1653035275341 0.05956452854015693 22
1653035321427 0.040498521092243264 23
