1653034498926 21.1086639092893 0
1653034529457 16.09664687331842 1
1653034576685 11.825523026135503 2
1653034607336 8.233091656042605 3
1653034637682 6.158380915721257 4
1653034683346 4.553664073348045 5
1653034714038 3.672673074566588 6
1653034744223 3.1864150057033616 7
1653034790479 2.929789942138049 8
1653034820332 2.667839676141739 9
1653034849843 2.535281245907148 10
1653034896529 2.301675402388281 11
1653034926723 2.2469705586530724 12
1653034956815 2.2523699341988075 13
1653035002979 2.2364040929443982 14
1653035032937 2.224663182180755 15
1653035063091 2.2048834756929048 16
1653035108759 2.210466358126426 17
1653035138980 2.121095704535643 18
1653035168311 2.101737402379513 19
1653035214959 2.1514746412938957 20
1653035245166 2.1290753544593346 21
1653035275341 2.08383914402553 22
1653035321427 2.0850799156694997 23
