1653034498926 20.308848089101364 0
1653034529457 16.127646037510463 1
1653034576685 12.343963155941088 2
1653034607336 9.165836266108922 3
1653034637682 6.990086088577907 4
1653034683346 5.367255091667175 5
1653034714038 4.409293821879795 6
1653034744223 3.9605051498023833 7
1653034790479 3.6639523749448815 8
1653034820332 3.412211845318476 9
1653034849843 3.333207289377848 10
1653034896529 3.077592455610937 11
1653034926723 3.08924202043183 12
1653034956815 3.156411350989828 13
1653035002979 3.1732564605012232 14
1653035032937 3.319841375156325 15
1653035063091 3.351083989046058 16
1653035108759 3.308601048527932 17
1653035138980 3.3313241004943848 18
1653035168311 3.3195948898792267 19
1653035214959 3.45519910053331 20
1653035245166 3.4254580614518146 21
1653035275341 3.4441761046039816 22
1653035321427 3.5023464961927764 23
