1653034498926 14.253560066223145 0
1653034529457 11.096452713012695 1
1653034576685 9.113229751586914 2
1653034607336 7.580758094787598 3
1653034637682 6.929158687591553 4
1653034683346 6.435609340667725 5
1653034714038 6.1352386474609375 6
1653034744223 5.904317378997803 7
1653034790479 5.801326751708984 8
1653034820332 5.649827003479004 9
1653034849843 5.518763542175293 10
1653034896529 5.376436233520508 11
1653034926723 5.228306770324707 12
1653034956815 5.109807968139648 13
1653035002979 5.017343521118164 14
1653035032937 4.850827693939209 15
1653035063091 4.722268104553223 16
1653035108759 4.730518341064453 17
1653035138980 4.555107116699219 18
1653035168311 4.473671913146973 19
1653035214959 4.356095790863037 20
1653035245166 4.285536766052246 21
1653035275341 4.181293487548828 22
1653035321427 4.074513912200928 23
