1653034498926 22.76375930163325 0
1653034529457 19.050653846896424 1
1653034576685 15.673508449476593 2
1653034607336 12.697372280821508 3
1653034637682 10.672875106334686 4
1653034683346 8.973608752091726 5
1653034714038 8.040376838372678 6
1653034744223 7.452095644814627 7
1653034790479 7.026148085691491 8
1653034820332 6.771384249130885 9
1653034849843 6.649426927169164 10
1653034896529 6.383467304463289 11
1653034926723 6.336466010735959 12
1653034956815 6.378753778885822 13
1653035002979 6.369225881537613 14
1653035032937 6.462850862619828 15
1653035063091 6.421468617964764 16
1653035108759 6.433746639563113 17
1653035138980 6.3827431201934814 18
1653035168311 6.332713643709819 19
1653035214959 6.387622064473677 20
1653035245166 6.367616517203195 21
1653035275341 6.3275191540620765 22
1653035321427 6.339443800400715 23
