1653034498926 2e-05 0
1653034529457 4.002837452921808e-06 1
1653034576685 8.007771993840307e-06 2
1653034607336 1.201171991420656e-05 3
1653034637682 1.601468164030113e-05 4
1653034683346 2.0016657355169863e-05 5
1653034714038 2.0037007970766196e-05 6
1653034744223 2.006104682557911e-05 7
1653034790479 2.0088767988380885e-05 8
1653034820332 2.0120164619389403e-05 9
1653034849843 2.0155228971955748e-05 10
1653034896529 2.0193952394475616e-05 11
1653034926723 2.0236325332523925e-05 12
1653034956815 2.0282337331212256e-05 13
1653035002979 2.0331977037768418e-05 14
1653035032937 2.03852322043376e-05 15
1653035063091 2.0442089691004324e-05 16
1653035108759 2.0502535469034525e-05 17
1653035138980 2.0566554624336952e-05 18
1653035168311 2.063413136114297e-05 19
1653035214959 2.0705249005903945e-05 20
1653035245166 2.077989001140519e-05 21
1653035275341 2.0858035961095473e-05 22
1653035321427 2.093966757363103e-05 23
