1653034498926 5.802023201572652 0
1653034529457 3.8544226422601815 1
1653034576685 2.642099852464637 2
1653034607336 1.6783231995543655 3
1653034637682 1.2528584506362677 4
1653034683346 0.957667609055837 5
1653034714038 0.8004315942525864 6
1653034744223 0.697857910881237 7
1653034790479 0.6787017693324965 8
1653034820332 0.608530086154739 9
1653034849843 0.5722956700871388 10
1653034896529 0.5314808372332125 11
1653034926723 0.49530469915088343 12
1653034956815 0.4717789312102357 13
1653035002979 0.46223126625528144 14
1653035032937 0.41230729936945193 15
1653035063091 0.38236427778492166 16
1653035108759 0.43442148836899774 17
1653035138980 0.36322916531935334 18
1653035168311 0.3595562046393752 19
1653035214959 0.34027649348183553 20
1653035245166 0.337957531365813 21
1653035275341 0.32247062704088736 22
1653035321427 0.294096208082474 23
