1653034498926 5.289252728832011 0
1653034529457 5.278566428593227 1
1653034576685 5.253201932323222 2
1653034607336 5.2130159261275315 3
1653034637682 5.167000412940979 4
1653034683346 5.102788786093394 5
1653034714038 5.035351938130904 6
1653034744223 4.963301541853924 7
1653034790479 4.896460640187166 8
1653034820332 4.831349045038223 9
1653034849843 4.753944973150889 10
1653034896529 4.675576609008166 11
1653034926723 4.595693753690136 12
1653034956815 4.511645482510937 13
1653035002979 4.434518760564376 14
1653035032937 4.343547611820455 15
1653035063091 4.261733877415559 16
1653035108759 4.18642300975566 17
1653035138980 4.125429565707843 18
1653035168311 4.039149776101112 19
1653035214959 3.9549393361928513 20
1653035245166 3.886147080635538 21
1653035275341 3.7968817924966616 22
1653035321427 3.7376630160273336 23
