1653034498926 0.6128816184948902 0
1653034529457 0.2971549313895556 1
1653034576685 0.16469827697289233 2
1653034607336 0.09977355424542816 3
1653034637682 0.07103681812683742 4
1653034683346 0.04984086061206957 5
1653034714038 0.036377545788275956 6
1653034744223 0.027846784159845234 7
1653034790479 0.021923352802666475 8
1653034820332 0.017385904652959045 9
1653034849843 0.013768212811555713 10
1653034896529 0.01088665306511126 11
1653034926723 0.00901981275908801 12
1653034956815 0.0076159102466831705 13
1653035002979 0.006475214946216771 14
1653035032937 0.00543993579613387 15
1653035063091 0.004658080544797894 16
1653035108759 0.0040601657665505705 17
1653035138980 0.003553894433328727 18
1653035168311 0.0031669514670890444 19
1653035214959 0.0029261543543781248 20
1653035245166 0.002648652870949282 21
1653035275341 0.002376461178254412 22
1653035321427 0.0022558756576546903 23
