1652811244211 0.7964974098588998 0
1652811312734 0.1695069144562273 1
1652811406040 0.11854059144332096 2
1652811475123 0.07482222151757191 3
1652811542865 0.062138942493411155 4
1652811610438 0.05233268135285185 5
1652811677597 0.043341732436138224 6
1652811745060 0.033292097262448986 7
1652811813488 0.021475806502144777 8
1652811881330 0.01963450448138912 9
1652811947794 0.016558617831806923 10
1652812039512 0.010797493175813565 11
1652812105456 0.012835102122015796 12
1652812171553 0.0126342679170903 13
1652812263057 0.007658112452936177 14
1652812329545 0.007793860849015778 15
1652812395043 0.008061542824228727 16
1652812461568 0.009476590191763713 17
1652812528195 0.005295034678420052 18
1652812594351 0.0109800489139516 19
1652812660337 0.0034589974262195116 20
1652812726512 0.0022624615501760075 21
1652812792670 0.004587801913028049 22
1652812883929 0.006969797021435913 23
