1652811244211 10.596675402943681 0
1652811312734 2.8851353784886804 1
1652811406040 2.7393268329341236 2
1652811475123 3.464398047299061 3
1652811542865 3.745421389835637 4
1652811610438 4.194933077868293 5
1652811677597 4.428301897703433 6
1652811745060 4.869340740762106 7
1652811813488 5.126010671476038 8
1652811881330 5.282543924378186 9
1652811947794 5.488266254052883 10
1652812039512 5.7698242094458605 11
1652812105456 6.053464170781577 12
1652812171553 5.7878228210821385 13
1652812263057 5.899237037286526 14
1652812329545 6.099193452044231 15
1652812395043 5.9653329523598275 16
1652812461568 6.146297226882562 17
1652812528195 6.221684532630734 18
1652812594351 5.790117649915742 19
1652812660337 6.256660249756604 20
1652812726512 6.191981734299079 21
1652812792670 6.27562341922667 22
1652812883929 6.211890713761492 23
