1652811244211 9.795319005919666 0
1652811312734 2.158472632198799 1
1652811406040 1.855984384257619 2
1652811475123 2.238959933368905 3
1652811542865 2.4061028521235395 4
1652811610438 2.6955572296591366 5
1652811677597 2.833506252251419 6
1652811745060 3.0737810169778217 7
1652811813488 3.2174419717090887 8
1652811881330 3.326943319599803 9
1652811947794 3.417205864045678 10
1652812039512 3.526199116357943 11
1652812105456 3.6748872117298403 12
1652812171553 3.5710662667344257 13
1652812263057 3.579338395886305 14
1652812329545 3.7247842870107513 15
1652812395043 3.69323778966578 16
1652812461568 3.7758143506399016 17
1652812528195 3.7771921541632674 18
1652812594351 3.5603234535310326 19
1652812660337 3.7318504484688364 20
1652812726512 3.6423510818946654 21
1652812792670 3.7755775160905793 22
1652812883929 3.7541543855899717 23
