1652811244211 9.82870101928711 0
1652811312734 6.341225624084473 1
1652811406040 5.089029312133789 2
1652811475123 4.151259899139404 3
1652811542865 3.5693092346191406 4
1652811610438 3.072854518890381 5
1652811677597 2.6590840816497803 6
1652811745060 2.3672704696655273 7
1652811813488 2.0506577491760254 8
1652811881330 1.9473379850387573 9
1652811947794 1.767614483833313 10
1652812039512 1.6771990060806274 11
1652812105456 1.611148715019226 12
1652812171553 1.6136999130249023 13
1652812263057 1.5689462423324585 14
1652812329545 1.5987218618392944 15
1652812395043 1.627238392829895 16
1652812461568 1.597828984260559 17
1652812528195 1.5418988466262817 18
1652812594351 1.5979169607162476 19
1652812660337 1.477170467376709 20
1652812726512 1.4452425241470337 21
1652812792670 1.509208083152771 22
1652812883929 1.5660821199417114 23
