1652811244211 13.982856443451672 0
1652811312734 6.550096797943115 1
1652811406040 5.765654045198022 2
1652811475123 5.7126182306160045 3
1652811542865 5.6575241740156965 4
1652811610438 5.705657895873575 5
1652811677597 5.742892389203988 6
1652811745060 5.8537561230543185 7
1652811813488 5.913602079996249 8
1652811881330 5.962221596880657 9
1652811947794 6.026461701276825 10
1652812039512 6.115936342099817 11
1652812105456 6.273965347103957 12
1652812171553 6.118109968231946 13
1652812263057 6.151028053934981 14
1652812329545 6.260430026635891 15
1652812395043 6.218487739562988 16
1652812461568 6.277514671697849 17
1652812528195 6.300745473256925 18
1652812594351 6.0714862265237945 19
1652812660337 6.282372086222579 20
1652812726512 6.2431046346338785 21
1652812792670 6.319575046911472 22
1652812883929 6.317885391886642 23
