1652811244211 0.0002 0
1652811312734 4.00006168375917e-05 1
1652811406040 7.999444857582836e-05 2
1652811475123 0.00011997841068435634 3
1652811542865 0.00015995250057549638 4
1652811610438 0.0001999167132241507 5
1652811677597 0.00019981496014616904 6
1652811745060 0.0001996947658721045 7
1652811813488 0.00019955616005809561 8
1652811881330 0.00019939917690305303 9
1652811947794 0.0001992238551402213 10
1652812039512 0.00019903023802762197 11
1652812105456 0.00019881837333738043 12
1652812171553 0.00019858831334393877 13
1652812263057 0.00019834011481115795 14
1652812329545 0.00019807383897831203 15
1652812395043 0.00019778955154497842 16
1652812461568 0.0001974873226548274 17
1652812528195 0.00019716722687831528 18
1652812594351 0.00019682934319428517 19
1652812660337 0.0001964737549704803 20
1652812726512 0.00019610054994297408 21
1652812792670 0.00019570982019452267 22
1652812883929 0.0001953016621318449 23
