1652811244211 2.090947058796883 0
1652811312734 0.5399241599367886 1
1652811406040 0.43843618321527794 2
1652811475123 0.3658265229857084 3
1652811542865 0.3263058046674038 4
1652811610438 0.29039450727206856 5
1652811677597 0.2539848478219367 6
1652811745060 0.2335759651279304 7
1652811813488 0.18824833946518327 8
1652811881330 0.1842051319354895 9
1652811947794 0.16706637529451854 10
1652812039512 0.14476141480447882 11
1652812105456 0.14434324584492458 12
1652812171553 0.14443474469944925 13
1652812263057 0.1309962716994228 14
1652812329545 0.13099340760353498 15
1652812395043 0.14980452242818457 16
1652812461568 0.1350404866318014 17
1652812528195 0.12460168071769791 18
1652812594351 0.1453416465852614 19
1652812660337 0.10960062053818546 20
1652812726512 0.10312956542276391 21
1652812792670 0.12438123782517434 22
1652812883929 0.1297093836004312 23
