1652811244211 0.8442646233773813 0
1652811312734 0.27925157359142494 1
1652811406040 0.15002642515706036 2
1652811475123 0.09865780597444153 3
1652811542865 0.06545694599200676 4
1652811610438 0.0483411024370249 5
1652811677597 0.03554805529112106 6
1652811745060 0.02757485877131907 7
1652811813488 0.02150651008435866 8
1652811881330 0.01761569988164233 9
1652811947794 0.01470538532225097 10
1652812039512 0.012658898500589336 11
1652812105456 0.011440243908181423 12
1652812171553 0.009804740718497736 13
1652812263057 0.008956232928193924 14
1652812329545 0.00889356278519078 15
1652812395043 0.008454781591256217 16
1652812461568 0.008243458213784347 17
1652812528195 0.00785207206201626 18
1652812594351 0.007037639308993409 19
1652812660337 0.007281823815187303 20
1652812726512 0.006706376060298304 21
1652812792670 0.007162053083501211 22
1652812883929 0.007246908122991644 23
