1652811244211 6.096992046077077 0
1652811312734 5.352542988846942 1
1652811406040 4.382025546562381 2
1652811475123 3.6119533024945305 3
1652811542865 3.115407618662206 4
1652811610438 2.6817860276091334 5
1652811677597 2.3262093768400303 6
1652811745060 2.0728274915276503 7
1652811813488 1.8194270029300597 8
1652811881330 1.7258825366089983 9
1652811947794 1.569283976787474 10
1652812039512 1.5089812883516638 11
1652812105456 1.4425301220358873 12
1652812171553 1.4468261259358104 13
1652812263057 1.4213356058772018 14
1652812329545 1.4510409820370558 15
1652812395043 1.4609174559756024 16
1652812461568 1.4450683029686533 17
1652812528195 1.4041500393937274 18
1652812594351 1.4345575286120904 19
1652812660337 1.3568289553246846 20
1652812726512 1.333144097793393 21
1652812792670 1.3730770454174135 22
1652812883929 1.4221561414439503 23
