1651876258308 0.11275335946979244 0
1651881487477 0.07194907171857146 1
1651888890898 0.07217466169567098 2
1651894148324 0.07466107958919334 3
1651899401548 0.0747199025088745 4
1651906804196 0.06418452705910946 5
1651912069989 0.05965897626168528 6
1651917321988 0.054261133145290553 7
1651924959974 0.05048836630073848 8
1651930201473 0.047221891592202435 9
1651935463238 0.04606247133154479 10
1651942861934 0.04359162755513025 11
1651948146090 0.04179199480557246 12
1651953459116 0.03835896345247947 13
1651960897956 0.03845037907765309 14
1651966211456 0.0354272363473736 15
1651971525947 0.03418087168342725 16
1651978978288 0.033153028178019364 17
1651984233289 0.031976615566221944 18
1651989504100 0.03026550960236044 19
1651995918980 0.03130251172862807 20
1652001268111 0.027668363033996828 21
1652006608479 0.02788614079896355 22
1652014087385 0.02842371456037051 23
1652019356647 0.026120618434298824 24
1652024685242 0.027007250976700797 25
