1651876258308 1.6805440126006137 0
1651881487477 1.9998249031722042 1
1651888890898 2.389651570319012 2
1651894148324 2.4474664092091833 3
1651899401548 2.4742922733320514 4
1651906804196 2.6279763009018615 5
1651912069989 2.826941426818526 6
1651917321988 3.008032921705598 7
1651924959974 3.241691259155792 8
1651930201473 3.459168509053871 9
1651935463238 3.6624592324228296 10
1651942861934 3.7558229820071367 11
1651948146090 3.812669333499955 12
1651953459116 3.9214471790593923 13
1651960897956 3.957996834156775 14
1651966211456 4.077248712997464 15
1651971525947 4.112559139058203 16
1651978978288 4.227402869545642 17
1651984233289 4.255225820444182 18
1651989504100 4.335232549016979 19
1651995918980 4.369414033321096 20
1652001268111 4.459130009676434 21
1652006608479 4.4931528261027385 22
1652014087385 4.4828234666010545 23
1652019356647 4.547597672605247 24
1652024685242 4.5431108257428665 25
