1651876258308 9.681829452514648 0
1651881487477 8.235548973083496 1
1651888890898 7.822396755218506 2
1651894148324 7.608304977416992 3
1651899401548 7.468031406402588 4
1651906804196 7.087011814117432 5
1651912069989 6.836475849151611 6
1651917321988 6.6298828125 7
1651924959974 6.478796482086182 8
1651930201473 6.333413124084473 9
1651935463238 6.212872505187988 10
1651942861934 6.10685920715332 11
1651948146090 6.00065279006958 12
1651953459116 5.897254467010498 13
1651960897956 5.818553924560547 14
1651966211456 5.718732833862305 15
1651971525947 5.647029876708984 16
1651978978288 5.5726118087768555 17
1651984233289 5.486083984375 18
1651989504100 5.436489582061768 19
1651995918980 5.372310161590576 20
1652001268111 5.293047904968262 21
1652006608479 5.248915672302246 22
1652014087385 5.207708835601807 23
1652019356647 5.15125036239624 24
1652024685242 5.1109819412231445 25
