1651876258308 2.609110851039815 0
1651881487477 3.1086965034721943 1
1651888890898 3.53031083921908 2
1651894148324 3.573281855061441 3
1651899401548 3.602629273794696 4
1651906804196 3.862703900613177 5
1651912069989 4.147196028842937 6
1651917321988 4.4072757894698125 7
1651924959974 4.733025244914603 8
1651930201473 5.027310034803062 9
1651935463238 5.307086599353551 10
1651942861934 5.4291362127022085 11
1651948146090 5.511362733411923 12
1651953459116 5.668430252341098 13
1651960897956 5.703840287466862 14
1651966211456 5.871803873998716 15
1651971525947 5.926208243374525 16
1651978978288 6.07770332939846 17
1651984233289 6.11077444477403 18
1651989504100 6.238858205031857 19
1651995918980 6.273196516745316 20
1652001268111 6.411174099916818 21
1652006608479 6.45630154318081 22
1652014087385 6.4369108717689585 23
1652019356647 6.542485455094707 24
1652024685242 6.530348673867866 25
