1651876258308 2.432826859504683 0
1651881487477 2.482705705182063 1
1651888890898 2.7406141878906096 2
1651894148324 2.7542079753873496 3
1651899401548 2.7598458333002034 4
1651906804196 2.9187824606560278 5
1651912069989 3.105978939193833 6
1651917321988 3.2803210548161763 7
1651924959974 3.4993282594519903 8
1651930201473 3.6972483214699676 9
1651935463238 3.8895964580880444 10
1651942861934 3.9630141586987016 11
1651948146090 4.0105882220829105 12
1651953459116 4.109364967733873 13
1651960897956 4.127279784066049 14
1651966211456 4.238856830738796 15
1651971525947 4.266697674877976 16
1651978978288 4.369147007054219 17
1651984233289 4.390070325823286 18
1651989504100 4.472151929885062 19
1651995918980 4.496721007551338 20
1652001268111 4.588322386662314 21
1652006608479 4.617530667876795 22
1652014087385 4.60173366850743 23
1652019356647 4.671608647986227 24
1652024685242 4.662537730538968 25
