1651876258308 0.0005 0
1651881487477 0.0001 1
1651888890898 0.0002 2
1651894148324 0.0003 3
1651899401548 0.0004 4
1651906804196 0.0005 5
1651912069989 0.0005 6
1651917321988 0.0005 7
1651924959974 0.0005 8
1651930201473 0.0005 9
1651935463238 0.0005 10
1651942861934 0.0005 11
1651948146090 0.0005 12
1651953459116 0.0005 13
1651960897956 0.0005 14
1651966211456 0.0005 15
1651971525947 0.0005 16
1651978978288 0.0005 17
1651984233289 0.0005 18
1651989504100 0.0005 19
1651995918980 0.0005 20
1652001268111 0.0005 21
1652006608479 0.0005 22
1652014087385 0.0005 23
1652019356647 0.0005 24
1652024685242 0.0005 25
