1651876258308 0.4924683608150724 0
1651881487477 0.1621812584570691 1
1651888890898 0.08505069241327567 2
1651894148324 0.051252127931006614 3
1651899401548 0.03301061984467898 4
1651906804196 0.022623024722274294 5
1651912069989 0.016367746349920612 6
1651917321988 0.012618649722713655 7
1651924959974 0.010520569214961974 8
1651930201473 0.009346033062003798 9
1651935463238 0.008753775396832067 10
1651942861934 0.008179639806024357 11
1651948146090 0.007759902061001619 12
1651953459116 0.007713611120962117 13
1651960897956 0.007508810638655641 14
1651966211456 0.007705068407512401 15
1651971525947 0.007660985752135418 16
1651978978288 0.007942629848934638 17
1651984233289 0.007952695202434587 18
1651989504100 0.00818198843956992 19
1651995918980 0.008238854282775643 20
1652001268111 0.0085271556956402 21
1652006608479 0.008622103275040788 22
1652014087385 0.008523258612822434 23
1652019356647 0.008736111817066667 24
1652024685242 0.00868829841190476 25
