1651876258308 0.41200477988664014 0
1651881487477 0.32076380642670477 1
1651888890898 0.3089139980036774 2
1651894148324 0.30802802881260805 3
1651899401548 0.3058112910757214 4
1651906804196 0.2790772559060575 5
1651912069989 0.2605448700684077 6
1651917321988 0.24417275030559213 7
1651924959974 0.23084202034689077 8
1651930201473 0.2165245009900329 9
1651935463238 0.20715502921054643 10
1651942861934 0.1969422936558108 11
1651948146090 0.18777577911580876 12
1651953459116 0.17804123208046746 13
1651960897956 0.17536525990548493 14
1651966211456 0.1673810823074857 15
1651971525947 0.1625395268487394 16
1651978978288 0.15885021474054584 17
1651984233289 0.15395054729688484 18
1651989504100 0.14870641509036261 19
1651995918980 0.14789266269748547 20
1652001268111 0.14186807336459645 21
1652006608479 0.14070492436826093 22
1652014087385 0.1398100837954276 23
1652019356647 0.13465489115262225 24
1652024685242 0.13460647773490117 25
