1651876258308 8.664602943749324 0
1651881487477 7.680655147848894 1
1651888890898 7.356257190130085 2
1651894148324 7.174364217205258 3
1651899401548 7.05448957677187 4
1651906804196 6.721126841739057 5
1651912069989 6.499904235958285 6
1651917321988 6.318830361642821 7
1651924959974 6.186946017519268 8
1651930201473 6.060320806997674 9
1651935463238 5.950900915706392 10
1651942861934 5.858145434901663 11
1651948146090 5.763324820378057 12
1651953459116 5.673140750270976 13
1651960897956 5.597229125727083 14
1651966211456 5.50821906647275 15
1651971525947 5.442648424106216 16
1651978978288 5.372665627408273 17
1651984233289 5.292203943181395 18
1651989504100 5.249335493390169 19
1651995918980 5.184876396749326 20
1652001268111 5.114984106213106 21
1652006608479 5.071702085428408 22
1652014087385 5.030951608408804 23
1652019356647 4.981739099688248 24
1652024685242 4.940679923523891 25
