1652796952064 2.009116211107799 0
1652796984710 0.5002536045360393 1
1652797031933 0.20005126925104338 2
1652797062551 0.11616151064526344 3
1652797093069 0.07480106959996773 4
1652797141935 0.04933804052495322 5
1652797174537 0.027972056181170046 6
1652797206783 0.02974170104657853 7
1652797254825 0.010337576502934098 8
1652797286908 0.013010938365957425 9
1652797318517 0.009783801222083104 10
1652797351327 0.014931989822156645 11
1652797383733 0.00303415089044446 12
1652797416754 0.005284496222988569 13
1652797449637 0.004142724414123222 14
1652797482159 0.0005516113301712102 15
1652797514859 0.0012437882630721383 16
1652797564351 0.00018505411614002526 17
1652797596500 0.0026882402095867765 18
1652797628940 0.00011686363085164635 19
1652797677188 0.0 20
