1652796952064 26.120919173104422 0
1652796984710 11.692086468572201 1
1652797031933 5.850613165592802 2
1652797062551 3.977948866028717 3
1652797093069 3.341123394344164 4
1652797141935 2.9971524770709053 5
1652797174537 3.147353151570196 6
1652797206783 2.9418094814687534 7
1652797254825 3.1646542618240137 8
1652797286908 3.3054762412520016 9
1652797318517 3.5337115596322453 10
1652797351327 3.433296543710372 11
1652797383733 3.4278292235206154 12
1652797416754 3.365491271018982 13
1652797449637 3.338058530420497 14
1652797482159 3.4000317151995674 15
1652797514859 3.4737304328144463 16
1652797564351 3.42484218141307 17
1652797596500 3.5058709607608076 18
1652797628940 3.555975191835044 19
1652797677188 3.468594015508458 20
