1652796952064 27.488318497794015 0
1652796984710 13.90861121467922 1
1652797031933 7.555672127267589 2
1652797062551 5.51217620269112 3
1652797093069 5.013124828753264 4
1652797141935 4.682403923808664 5
1652797174537 5.183569652446802 6
1652797206783 4.942984525708185 7
1652797254825 5.581151347229446 8
1652797286908 5.658239273463979 9
1652797318517 6.208523091147928 10
1652797351327 6.087614389026866 11
1652797383733 6.36713329483481 12
1652797416754 6.195041963032314 13
1652797449637 6.087298248125159 14
1652797482159 6.364370470461638 15
1652797514859 6.516524563664976 16
1652797564351 6.46104617740797 17
1652797596500 6.521913846333821 18
1652797628940 6.583736191625181 19
1652797677188 6.6153852559518125 20
