1652796952064 13.87682056427002 0
1652796984710 7.712789058685303 1
1652797031933 5.8813395500183105 2
1652797062551 4.918476581573486 3
1652797093069 4.127912998199463 4
1652797141935 3.441171407699585 5
1652797174537 2.9580352306365967 6
1652797206783 2.5889804363250732 7
1652797254825 2.1492629051208496 8
1652797286908 1.990436315536499 9
1652797318517 1.787497878074646 10
1652797351327 1.6837027072906494 11
1652797383733 1.4643769264221191 12
1652797416754 1.3590890169143677 13
1652797449637 1.3027235269546509 14
1652797482159 1.2389205694198608 15
1652797514859 1.212227702140808 16
1652797564351 1.182020902633667 17
1652797596500 1.1566187143325806 18
1652797628940 1.1624630689620972 19
1652797677188 1.1110291481018066 20
