1652796952064 29.36317983354841 0
1652796984710 16.99889484350232 1
1652797031933 11.489037790160248 2
1652797062551 9.362054424009461 3
1652797093069 8.742026660753334 4
1652797141935 8.431750311367754 5
1652797174537 8.57842999610348 6
1652797206783 8.397409383801447 7
1652797254825 8.632431030273438 8
1652797286908 8.593346020754646 9
1652797318517 8.85985779762268 10
1652797351327 8.679455392500934 11
1652797383733 8.736908814486336 12
1652797416754 8.646319716317313 13
1652797449637 8.573844342991926 14
1652797482159 8.609779150589652 15
1652797514859 8.70528891466666 16
1652797564351 8.619577297265979 17
1652797596500 8.634639864382537 18
1652797628940 8.652725288833397 19
1652797677188 8.580339694368666 20
