1652796952064 0.0001 0
1652796984710 2.0005140125366645e-05 1
1652797031933 4.000513983175091e-05 2
1652797062551 5.9991433124590266e-05 3
1652797093069 7.996401295650467e-05 4
1652797141935 9.992286286749701e-05 5
1652797174537 9.982869190884782e-05 6
1652797206783 9.971755166412354e-05 7
1652797254825 9.958951830329633e-05 8
1652797286908 9.94446795740363e-05 9
1652797318517 9.928313474157362e-05 10
1652797351327 9.91049945206671e-05 11
1652797383733 9.89103809997259e-05 12
1652797416754 9.869942755713606e-05 13
1652797449637 9.847227876984976e-05 14
1652797482159 9.822909031429952e-05 15
1652797514859 9.797002885970522e-05 16
1652797564351 9.769527195384743e-05 17
1652797596500 9.7405007901385e-05 18
1652797628940 9.709943563480049e-05 19
1652797677188 9.677876457806174e-05 20
