1652796952064 5.343040324960437 0
1652796984710 1.7319349845250447 1
1652797031933 0.7881359888807588 2
1652797062551 0.5507675867149795 3
1652797093069 0.4117817530759435 4
1652797141935 0.32187925125269784 5
1652797174537 0.25752546658496495 6
1652797206783 0.25902407116634585 7
1652797254825 0.16336439565444985 8
1652797286908 0.1865618614734986 9
1652797318517 0.16905013895730542 10
1652797351327 0.1789638235418619 11
1652797383733 0.1314289787748267 12
1652797416754 0.12767491554238533 13
1652797449637 0.13467064131797035 14
1652797482159 0.12319591992527948 15
1652797514859 0.11299678979011715 16
1652797564351 0.11517864100734596 17
1652797596500 0.10605305972158154 18
1652797628940 0.1139344432917626 19
1652797677188 0.09757878519293087 20
