1652796952064 5.262391853332519 0
1652796984710 5.078983465830485 1
1652797031933 4.690241018931071 2
1652797062551 4.129684655562691 3
1652797093069 3.5615732047868813 4
1652797141935 3.014646431674128 5
1652797174537 2.6315210245657656 6
1652797206783 2.269999623298645 7
1652797254825 1.9532411046650098 8
1652797286908 1.7731853951426113 9
1652797318517 1.5938010145636166 10
1652797351327 1.4775321203119614 11
1652797383733 1.319972764043247 12
1652797416754 1.2178607302052633 13
1652797449637 1.1566590226214866 14
1652797482159 1.1086390735446543 15
1652797514859 1.0917369991108992 16
1652797564351 1.0609445070874863 17
1652797596500 1.0422904724660127 18
1652797628940 1.0428002424862073 19
1652797677188 1.0084614650062893 20
