1652796952064 1.262272510784013 0
1652796984710 0.40161728907538496 1
1652797031933 0.20291098670197139 2
1652797062551 0.12186240871855314 3
1652797093069 0.07975672115909233 4
1652797141935 0.05530760082267765 5
1652797174537 0.041016750348110996 6
1652797206783 0.030214975689254377 7
1652797254825 0.022319981656239732 8
1652797286908 0.017678049054024193 9
1652797318517 0.014862986336297849 10
1652797351327 0.0122748043093666 11
1652797383733 0.009940998039810973 12
1652797416754 0.008268838881381921 13
1652797449637 0.007251178548819777 14
1652797482159 0.0065339643717406025 15
1652797514859 0.006250062619970328 16
1652797564351 0.00571268056249381 17
1652797596500 0.005586874681403456 18
1652797628940 0.005611592869989682 19
1652797677188 0.004988921644247096 20
