1652261162265 0.05151622165846659 3
1652266321199 0.04460580206320067 4
1652273829648 0.03808901678232424 5
1652279000294 0.03710688928083287 6
1652284193734 0.03421840864200203 7
1652291584103 0.03217413062414882 8
1652296674444 0.028977574558320045 9
1652301821589 0.030262713379683243 10
1652309255210 0.028126879733702537 11
1652314593054 0.027021598871128302 12
1652319913646 0.026053486429843915 13
1652327395485 0.024511469378945768 14
1652332688706 0.024466841102642353 15
1652337986327 0.0231714747445648 16
1652345406881 0.02138373876091728 17
1652350720016 0.01989626373247371 18
1652356022288 0.018862523430408045 19
1652361327834 0.020315826004639072 20
1652366623435 0.017864336915592048 21
1652371936399 0.017600751014322118 22
1652379417421 0.017287414287935187 23
