1652261162265 8.053281784057617 3
1652266321199 7.404372215270996 4
1652273829648 6.8496551513671875 5
1652279000294 6.464145660400391 6
1652284193734 6.158449649810791 7
1652291584103 5.915067195892334 8
1652296674444 5.7114129066467285 9
1652301821589 5.574502468109131 10
1652309255210 5.446252346038818 11
1652314593054 5.331254482269287 12
1652319913646 5.242844581604004 13
1652327395485 5.153259754180908 14
1652332688706 5.091219902038574 15
1652337986327 5.041933059692383 16
1652345406881 4.969560623168945 17
1652350720016 4.91382360458374 18
1652356022288 4.880704879760742 19
1652361327834 4.852436065673828 20
1652366623435 4.790444374084473 21
1652371936399 4.751716613769531 22
1652379417421 4.733242511749268 23
