1652261162265 3.081300422437524 3
1652266321199 3.4785820009865933 4
1652273829648 3.9201138561980793 5
1652279000294 4.189132878091787 6
1652284193734 4.438063510733874 7
1652291584103 4.683157816180137 8
1652296674444 4.988516141794056 9
1652301821589 5.10720623385828 10
1652309255210 5.278648789340129 11
1652314593054 5.410093081142708 12
1652319913646 5.5467435045564075 13
1652327395485 5.722955590670871 14
1652332688706 5.748006383415071 15
1652337986327 5.859485117039506 16
1652345406881 5.985438235865202 17
1652350720016 6.104376677552896 18
1652356022288 6.2160535031296655 19
1652361327834 6.266113080985097 20
1652366623435 6.307631391001954 21
1652371936399 6.3741824425819775 22
1652379417421 6.42928716520785 23
