1652261162265 1.7706418623266202 3
1652266321199 2.0337539526660975 4
1652273829648 2.324284351726727 5
1652279000294 2.5246709403617382 6
1652284193734 2.698332804172585 7
1652291584103 2.871040103166262 8
1652296674444 3.075350059704347 9
1652301821589 3.1731963020792158 10
1652309255210 3.2910014525572606 11
1652314593054 3.3793058121383135 12
1652319913646 3.473998651453124 13
1652327395485 3.5815110087059545 14
1652332688706 3.6086377903995377 15
1652337986327 3.678293798024563 16
1652345406881 3.752939344960725 17
1652350720016 3.819206205923756 18
1652356022288 3.892180219556208 19
1652361327834 3.9269824563172118 20
1652366623435 3.9357769217240888 21
1652371936399 3.974634734904978 22
1652379417421 4.012351012274609 23
