1652261162265 2.7393554233175186 3
1652266321199 2.958437644468922 4
1652273829648 3.2106569959330806 5
1652279000294 3.366834882999905 6
1652284193734 3.5140617582067524 7
1652291584103 3.659022107063998 8
1652296674444 3.853005969591418 9
1652301821589 3.9267249301201623 10
1652309255210 4.030656957525792 11
1652314593054 4.108695388175442 12
1652319913646 4.193156812608857 13
1652327395485 4.304952988584352 14
1652332688706 4.3147722251579745 15
1652337986327 4.3813951176075365 16
1652345406881 4.461423304305528 17
1652350720016 4.542210381306994 18
1652356022288 4.609448006131602 19
1652361327834 4.646215222796885 20
1652366623435 4.66476764051626 21
1652371936399 4.705999644649509 22
1652379417421 4.738113938477292 23
