1652261162265 7.678778728175185 3
1652266321199 7.079533785218486 4
1652273829648 6.567058513571195 5
1652279000294 6.199612452331592 6
1652284193734 5.9143387697981895 7
1652291584103 5.682884314918809 8
1652296674444 5.497200293597375 9
1652301821589 5.361523326831994 10
1652309255210 5.242780753981319 11
1652314593054 5.134401861497925 12
1652319913646 5.051979404693467 13
1652327395485 4.97218595485656 14
1652332688706 4.909606916543903 15
1652337986327 4.866266914207799 16
1652345406881 4.801847903845236 17
1652350720016 4.752232750736337 18
1652356022288 4.7227475404236685 19
1652361327834 4.692177896186249 20
1652366623435 4.638977459341204 21
1652371936399 4.6010658522577295 22
1652379417421 4.584240051483929 23
