1652261162265 0.049520004861560434 3
1652266321199 0.03179153904177573 4
1652273829648 0.021672398336507744 5
1652279000294 0.015318700438188023 6
1652284193734 0.011461026781807666 7
1652291584103 0.009102991441202123 8
1652296674444 0.007779048058364083 9
1652301821589 0.006774891628930694 10
1652309255210 0.006235754251569132 11
1652314593054 0.0058955987799472346 12
1652319913646 0.005750365722053811 13
1652327395485 0.005766786749673494 14
1652332688706 0.005629306697830273 15
1652337986327 0.005682106422609104 16
1652345406881 0.005796350837651782 17
1652350720016 0.005925949835992045 18
1652356022288 0.00607424776861395 19
1652361327834 0.006139008168643035 20
1652366623435 0.006130552868584202 21
1652371936399 0.0062096355616153434 22
1652379417421 0.006298575302921567 23
