1652261162265 0.27346696931300124 3
1652266321199 0.24844065553902925 4
1652273829648 0.2228351516530521 5
1652279000294 0.212107814999884 6
1652284193734 0.1984311861955636 7
1652291584103 0.19090565927562586 8
1652296674444 0.17745627519713905 9
1652301821589 0.17594199256071985 10
1652309255210 0.16910883033032684 11
1652314593054 0.16393507654122247 12
1652319913646 0.1590613085015527 13
1652327395485 0.15079527672993648 14
1652332688706 0.1515163827848737 15
1652337986327 0.14681259862112883 16
1652345406881 0.14053226483043765 17
1652350720016 0.1357686514538804 18
1652356022288 0.13302050803174406 19
1652361327834 0.1338033904089428 20
1652366623435 0.1274720459107001 21
1652371936399 0.12684021224981798 22
1652379417421 0.12541638342458614 23
