1652631987960 0.5272653123039772 0
1652633130131 0.5037551737261153 1
1652634521904 0.5372411151185815 2
1652635666064 0.5165796429180722 3
1652636805009 0.5089145419413098 4
1652638199621 0.5093740872783208 5
1652639343043 0.5075188234107985 6
1652640488366 0.5108884203989184 7
1652641881699 0.5115793793084122 8
1652643021546 0.5120026740541777 9
1652644175417 0.5111259806554221 10
1652645579040 0.511258590017136 11
1652646734590 0.5111332643901526 12
1652647889309 0.5179463555817025 13
1652649041979 0.5195410161974562 14
1652650197656 0.5190612445982695 15
1652651349520 0.519137634817927 16
1652652752170 0.5193891587913718 17
