1652631987960 0.0998110792178309 0
1652633130131 0.012967887560853701 1
1652634521904 0.018826814476252406 2
1652635666064 0.008798317688004506 3
1652636805009 0.00535231705557091 4
1652638199621 0.00548628689217677 5
1652639343043 0.004571917916895088 6
1652640488366 0.0054571544944790554 7
1652641881699 0.005795663035638924 8
1652643021546 0.006079581433597303 9
1652644175417 0.005816232432765491 10
1652645579040 0.0057188057721528065 11
1652646734590 0.005649975975295175 12
1652647889309 0.008369545882452763 13
1652649041979 0.009859383846368398 14
1652650197656 0.009131527389411306 15
1652651349520 0.009375056223827154 16
1652652752170 0.009323881327872695 17
