1652631987960 8.837201118469238 0
1652633130131 8.455090522766113 1
1652634521904 8.77302360534668 2
1652635666064 8.376729965209961 3
1652636805009 8.284920692443848 4
1652638199621 8.2289457321167 5
1652639343043 8.161389350891113 6
1652640488366 8.130531311035156 7
1652641881699 8.125676155090332 8
1652643021546 8.056297302246094 9
1652644175417 8.025352478027344 10
1652645579040 7.980861663818359 11
1652646734590 7.979768753051758 12
1652647889309 7.995094299316406 13
1652649041979 7.964563369750977 14
1652650197656 7.838901519775391 15
1652651349520 7.769743919372559 16
1652652752170 7.769837856292725 17
