1652631987960 0.12370446469857373 0
1652633130131 0.01672304442971994 1
1652634521904 0.056067912054521496 2
1652635666064 0.02537793963975707 3
1652636805009 0.01426683609081447 4
1652638199621 0.014860351062310153 5
1652639343043 0.012090718023591922 6
1652640488366 0.016345553133458306 7
1652641881699 0.01737502040194187 8
1652643021546 0.018082234353769853 9
1652644175417 0.016942190928695647 10
1652645579040 0.016977374630559542 11
1652646734590 0.016783218089775925 12
1652647889309 0.02631588189523857 13
1652649041979 0.02940038343024888 14
1652650197656 0.028192754032576855 15
1652651349520 0.028512673985733993 16
1652652752170 0.028713022146157743 17
