1652631987960 3.252857560013635 0
1652633130131 0.8127343006471339 1
1652634521904 15.145012241151505 2
1652635666064 8.376317079959728 3
1652636805009 4.4314856327932555 4
1652638199621 4.444023233604934 5
1652639343043 3.8933033779761073 6
1652640488366 6.2931559370775005 7
1652641881699 6.934290485348559 8
1652643021546 7.321244864555989 9
1652644175417 7.163545988984603 10
1652645579040 7.314498250220488 11
1652646734590 7.278333511000568 12
1652647889309 11.630522203361632 13
1652649041979 12.832961812182907 14
1652650197656 12.7127998028288 15
1652651349520 12.538337194196153 16
1652652752170 12.419456239530888 17
