1652631987960 7.403265412955795 0
1652633130131 7.356253265706013 1
1652634521904 7.333449853116054 2
1652635666064 7.280197708803656 3
1652636805009 7.244518301417771 4
1652638199621 7.189490109446181 5
1652639343043 7.140527611667117 6
1652640488366 7.105466261898906 7
1652641881699 7.10344694285066 8
1652643021546 7.035547017632134 9
1652644175417 7.007886117707238 10
1652645579040 6.963577090751098 11
1652646734590 6.963513218036645 12
1652647889309 6.95925066885923 13
1652649041979 6.932408306403651 14
1652650197656 6.813289930449312 15
1652651349520 6.746904831133921 16
1652652752170 6.747659975956067 17
