1652631987960 0.31183319969425183 0
1652633130131 0.08152357919162315 1
1652634521904 0.39482230325877016 2
1652635666064 0.07517173867353512 3
1652636805009 0.027328479374663064 4
1652638199621 0.02655735725609945 5
1652639343043 0.01023557646597387 6
1652640488366 0.011856402978731724 7
1652641881699 0.00827540830202255 8
1652643021546 0.006835773718603297 9
1652644175417 0.004476680720891142 10
1652645579040 0.004198352711797759 11
1652646734590 0.0033972620765361666 12
1652647889309 0.016296480767292204 13
1652649041979 0.011041582668564228 14
1652650197656 0.0050155914570380765 15
1652651349520 0.0020794910107937493 16
1652652752170 0.0010769737123207204 17
