1652631987960 0.5948376048533066 0
1652633130131 0.513557946325815 1
1652634521904 0.5075105860541281 2
1652635666064 0.5047811302757431 3
1652636805009 0.5041591687064058 4
1652638199621 0.5035244200506437 5
1652639343043 0.5031074221869554 6
1652640488366 0.5023197949142154 7
1652641881699 0.5023743080233857 8
1652643021546 0.501912134052999 9
1652644175417 0.5018634385771408 10
1652645579040 0.5018274655765306 11
1652646734590 0.5017255227783652 12
1652647889309 0.5016001134796595 13
1652649041979 0.501573403754985 14
1652650197656 0.5015349299528143 15
1652651349520 0.5016224127174367 16
1652652752170 0.5017118270499935 17
