1652706864924 1.6209073913724799 0
1652706897074 0.5637278661393282 1
1652706949368 0.5506130395264461 2
1652706981858 0.5505540695106774 3
1652707013872 0.5438485772986161 4
1652707062955 0.5384344265126345 5
1652707094735 0.5347683335605421 6
1652707125320 0.5350837801632128 7
1652707156245 0.5363263561014544 8
1652707186874 0.5276123170267072 9
1652707217234 0.5273351052351165 10
1652707263505 0.5297812673083523 11
1652707294192 0.5254062612851461 12
1652707324632 0.5234237898860061 13
1652707354980 0.5204627332942826 14
1652707384728 0.5261702878134591 15
1652707415594 0.5273787740029787 16
1652707461835 0.5172230852277655 17
1652707492714 0.5132972686959986 18
1652707522723 0.517507206975368 19
1652707570122 0.5155934069691033 20
1652707600638 0.5158873425241102 21
1652707630758 0.5247036417325338 22
1652707677154 0.514731850017581 23
1652707708554 0.5153195698713434 24
1652707739002 0.5169268334121034 25
1652707785381 0.5118546595698908 26
1652707815619 0.5125262507221156 27
1652707845887 0.5110996867481031 28
1652707892469 0.5120163345546053 29
1652707922763 0.512368512258195 30
1652707954578 0.523966628208495 31
1652708000992 0.5161047091609553 32
1652708031966 0.5144844666907662 33
1652708062799 0.5143489241600037 34
1652708110029 0.5121986296560083 35
1652708140917 0.5115489259100797 36
1652708171494 0.5100599537815964 37
1652708217798 0.5085572203000387 38
1652708248298 0.5069199831862199 39
1652708278707 0.5041164201602601 40
1652708326804 0.506392908200883 41
1652708357987 0.5055698715803916 42
1652708389748 0.5052841185477742 43
1652708438417 0.5014240893355587 44
1652708469504 0.5063587557851222 45
1652708500052 0.505481840748536 46
1652708531690 0.5058767873989908 47
1652708563116 0.5022456985816621 48
