1652706864924 2.38330696823827 0
1652706897074 0.07219015329393155 1
1652706949368 0.05021393398657955 2
1652706981858 0.05449315611469118 3
1652707013872 0.05546956437829147 4
1652707062955 0.0674106645348825 5
1652707094735 0.05416963945486044 6
1652707125320 0.04889260000013245 7
1652707156245 0.04450100024737287 8
1652707186874 0.05454507141717171 9
1652707217234 0.05042750718431514 10
1652707263505 0.04740713263878174 11
1652707294192 0.04988219254045633 12
1652707324632 0.050883140307596955 13
1652707354980 0.06326357857324183 14
1652707384728 0.058981962368956635 15
1652707415594 0.04994096672325803 16
1652707461835 0.07284662493488245 17
1652707492714 0.07552860984415338 18
1652707522723 0.07583407855086159 19
1652707570122 0.07814277631455455 20
1652707600638 0.07282402451362527 21
1652707630758 0.06824409461727268 22
1652707677154 0.08491407210628192 23
1652707708554 0.08455232094074118 24
1652707739002 0.07795137794394243 25
1652707785381 0.09446651410115392 26
1652707815619 0.09314368626004771 27
1652707845887 0.10430646125684705 28
1652707892469 0.09287537229165696 29
1652707922763 0.0959987128643613 30
1652707954578 0.08282706736211191 31
1652708000992 0.10201953913558993 32
1652708031966 0.10277095267124343 33
1652708062799 0.10876419774389692 34
1652708110029 0.11360404600522347 35
1652708140917 0.11617458101950194 36
1652708171494 0.12149756009641446 37
1652708217798 0.12942567167052052 38
1652708248298 0.1317168370934955 39
1652708278707 0.1430505843538987 40
1652708326804 0.13850180059671402 41
1652708357987 0.14400569035818703 42
1652708389748 0.14528837512459672 43
1652708438417 0.15297410258075647 44
1652708469504 0.15512521447319733 45
1652708500052 0.1561373170269163 46
1652708531690 0.15756547202666601 47
1652708563116 0.1685531236100615 48
