1652706864924 10.701400756835938 0
1652706897074 6.57232666015625 1
1652706949368 6.342253684997559 2
1652706981858 6.243418216705322 3
1652707013872 6.152536869049072 4
1652707062955 6.080367088317871 5
1652707094735 6.017936706542969 6
1652707125320 5.939682483673096 7
1652707156245 5.935515880584717 8
1652707186874 5.806173801422119 9
1652707217234 5.773138999938965 10
1652707263505 5.732603073120117 11
1652707294192 5.6578755378723145 12
1652707324632 5.647857189178467 13
1652707354980 5.5620012283325195 14
1652707384728 5.511707782745361 15
1652707415594 5.54165506362915 16
1652707461835 5.425984859466553 17
1652707492714 5.34229040145874 18
1652707522723 5.369668483734131 19
1652707570122 5.280320167541504 20
1652707600638 5.242137432098389 21
1652707630758 5.222675800323486 22
1652707677154 5.132217884063721 23
1652707708554 5.084077835083008 24
1652707739002 5.041454792022705 25
1652707785381 4.998533725738525 26
1652707815619 4.97538423538208 27
1652707845887 4.868185997009277 28
1652707892469 4.886310577392578 29
1652707922763 4.873828887939453 30
1652707954578 4.8380327224731445 31
1652708000992 4.714935302734375 32
1652708031966 4.639535903930664 33
1652708062799 4.587294578552246 34
1652708110029 4.489541530609131 35
1652708140917 4.519872188568115 36
1652708171494 4.512508869171143 37
1652708217798 4.386600971221924 38
1652708248298 4.279619216918945 39
1652708278707 4.194572448730469 40
1652708326804 4.217325687408447 41
1652708357987 4.138754844665527 42
1652708389748 4.099931240081787 43
1652708438417 3.9512581825256348 44
1652708469504 3.9356422424316406 45
1652708500052 3.923750162124634 46
1652708531690 3.9113008975982666 47
1652708563116 3.753370523452759 48
