1652706864924 3.4555614786712745 0
1652706897074 0.1359180049938068 1
1652706949368 0.10082696095622819 2
1652706981858 0.10504720843674843 3
1652707013872 0.0993181270988364 4
1652707062955 0.10584507503530435 5
1652707094735 0.08893795716657973 6
1652707125320 0.08397636242341577 7
1652707156245 0.08082734447037965 8
1652707186874 0.08215737467010815 9
1652707217234 0.0777625968320328 10
1652707263505 0.07718838516034578 11
1652707294192 0.07528843750294886 12
1652707324632 0.07430691089023624 13
1652707354980 0.08372629420565707 14
1652707384728 0.08515224060309785 15
1652707415594 0.07731972667470313 16
1652707461835 0.09006969774501365 17
1652707492714 0.08882586775641692 18
1652707522723 0.09334127304323933 19
1652707570122 0.09373616619870581 20
1652707600638 0.08871134618918101 21
1652707630758 0.09294771912850831 22
1652707677154 0.0996459074187697 23
1652707708554 0.09987188002158856 24
1652707739002 0.09487819501705337 25
1652707785381 0.10632116321408958 26
1652707815619 0.10566991528398112 27
1652707845887 0.11540613467233223 28
1652707892469 0.10489169625859511 29
1652707922763 0.1083672046661377 30
1652707954578 0.10679368635541514 31
1652708000992 0.11812423300324824 32
1652708031966 0.11725540616010365 33
1652708062799 0.12311310906495367 34
1652708110029 0.12580266235662357 35
1652708140917 0.12772349777974581 36
1652708171494 0.13155749662403474 37
1652708217798 0.13798287772295767 38
1652708248298 0.13863680198004372 39
1652708278707 0.14716699614859463 40
1652708326804 0.14489469716423437 41
1652708357987 0.1495755469067055 42
1652708389748 0.15057247040564553 43
1652708438417 0.15439817989081667 44
1652708469504 0.1614839601935002 45
1652708500052 0.16161914666493735 46
1652708531690 0.16344224491663145 47
1652708563116 0.17079881487185494 48
