1652706864924 22.41182571544982 0
1652706897074 11.838328077082048 1
1652706949368 10.525678042707773 2
1652706981858 10.366249117934913 3
1652707013872 8.212721598775763 4
1652707062955 5.515065703475685 5
1652707094735 5.698169206318102 6
1652707125320 5.929818680411891 7
1652707156245 7.183887398033812 8
1652707186874 4.965510736431992 9
1652707217234 5.782171943731475 10
1652707263505 5.48400160304287 11
1652707294192 5.203580801947075 12
1652707324632 4.78465057255929 13
1652707354980 4.057264809097562 14
1652707384728 5.303281205041068 15
1652707415594 5.454693652035897 16
1652707461835 3.3618692515189186 17
1652707492714 2.894692190906458 18
1652707522723 3.292200067587066 19
1652707570122 3.2815249747243422 20
1652707600638 4.3648581755788705 21
1652707630758 5.34874587309988 22
1652707677154 3.35743748932554 23
1652707708554 4.325659143513646 24
1652707739002 4.119732781460411 25
1652707785381 3.1095640115570604 26
1652707815619 3.2233352368338064 27
1652707845887 3.1466181445540045 28
1652707892469 3.5747448603312173 29
1652707922763 3.970773830748441 30
1652707954578 5.716383766709712 31
1652708000992 4.663031586429529 32
1652708031966 5.209108603628058 33
1652708062799 4.7494991677148 34
1652708110029 4.667776882648468 35
1652708140917 4.851934725778145 36
1652708171494 3.9505499162172018 37
1652708217798 3.542449687656603 38
1652708248298 3.110882700535289 39
1652708278707 3.6436800538447867 40
1652708326804 3.6376213609126578 41
1652708357987 3.5504187993835985 42
1652708389748 3.611911330306739 43
1652708438417 3.9230711167318777 44
1652708469504 5.605872773287589 45
1652708500052 5.39078410466512 46
1652708531690 4.472579872399046 47
1652708563116 4.326137074253015 48
