1652706864924 0.0003 0
1652706897074 5.999828662487778e-05 1
1652706949368 0.00011996402117774369 2
1652706981858 0.00017988863061967346 3
1652707013872 0.00023977208205786286 4
1652707062955 0.000299614314337485 5
1652707094735 0.000299143459544239 6
1652707125320 0.0002985877583206176 7
1652707156245 0.0002979475915164816 8
1652707186874 0.0002972233978701814 9
1652707217234 0.000296415673707868 10
1652707263505 0.00029552497260333546 11
1652707294192 0.00029455190499862936 12
1652707324632 0.00029349713778568015 13
1652707354980 0.0002923613938492487 14
1652707384728 0.0002911454515714975 15
1652707415594 0.000289850144298526 16
1652707461835 0.00028847635976923705 17
1652707492714 0.0002870250395069249 18
1652707522723 0.00028549717817400236 19
1652707570122 0.0002838938228903086 20
1652707600638 0.0002822160725154656 21
1652707630758 0.00028046507689577494 22
1652707677154 0.00027864203607617005 23
1652707708554 0.0002767481994777658 24
1652707739002 0.0002747848650415675 25
1652707785381 0.00027275337833892696 26
1652707815619 0.00027065513164935517 27
1652707845887 0.00026849156300632335 28
1652707892469 0.0002662641552117068 29
1652707922763 0.0002639744348195465 30
1652707954578 0.00026162397108982503 31
1652708000992 0.0002592143749129746 32
1652708031966 0.0002567472977058527 33
1652708062799 0.0002542244302799439 34
1652708110029 0.00025164750168256184 35
1652708140917 0.0002490182780118467 36
1652708171494 0.0002463385612063698 37
1652708217798 0.0002436101878101747 38
1652708248298 0.00024083502771410185 39
1652708278707 0.00023801498287425883 40
1652708326804 0.00023515198600851449 41
1652708357987 0.00023224799927191062 42
1652708389748 0.00022930501291189924 43
1652708438417 0.000226325043904326 44
1652708469504 0.00022331013457109586 45
1652708500052 0.00022026235118046783 46
1652708531690 0.0002171837825309376 47
1652708563116 0.00021407653851967967 48
