1652706864924 3.1796006989060785 0
1652706897074 0.5858144979727896 1
1652706949368 0.5663482803722908 2
1652706981858 0.5750743119340194 3
1652707013872 0.5731108920616016 4
1652707062955 0.5753955203190184 5
1652707094735 0.5634518182068541 6
1652707125320 0.5589648150561148 7
1652707156245 0.5550645349318521 8
1652707186874 0.5523707469304403 9
1652707217234 0.5484129891060946 10
1652707263505 0.5489570027903506 11
1652707294192 0.5443055870240194 12
1652707324632 0.5428208593736615 13
1652707354980 0.5459688976407051 14
1652707384728 0.5462408874716077 15
1652707415594 0.5429080013643232 16
1652707461835 0.5457140395515844 17
1652707492714 0.5417972520778054 18
1652707522723 0.5450797687497055 19
1652707570122 0.5435902681843988 20
1652707600638 0.5398372788178293 21
1652707630758 0.5420435552011457 22
1652707677154 0.5423904165886996 23
1652707708554 0.5389695897184569 24
1652707739002 0.5386432221061305 25
1652707785381 0.5419258747184486 26
1652707815619 0.5414587865796006 27
1652707845887 0.543378956485213 28
1652707892469 0.5387702667922304 29
1652707922763 0.5401653699707567 30
1652707954578 0.5401688291315447 31
1652708000992 0.5419858401281792 32
1652708031966 0.5402814745903015 33
1652708062799 0.5412197315267154 34
1652708110029 0.5402160169822829 35
1652708140917 0.5404383738835653 36
1652708171494 0.5385572303805435 37
1652708217798 0.5412309127941466 38
1652708248298 0.5399917886968244 39
1652708278707 0.5411613008432221 40
1652708326804 0.5397489991104394 41
1652708357987 0.5397126120433473 42
1652708389748 0.5397757772813764 43
1652708438417 0.5372624961953414 44
1652708469504 0.5400224150272838 45
1652708500052 0.5391298595227694 46
1652708531690 0.5398884624765631 47
1652708563116 0.5381382034535993 48
