1652706864924 5.286562183447051 0
1652706897074 5.224918415671901 1
1652706949368 5.1153348889844175 2
1652706981858 5.041815222355357 3
1652707013872 4.975352630280612 4
1652707062955 4.9259900795786 5
1652707094735 4.890559865717302 6
1652707125320 4.822557721221656 7
1652707156245 4.822675286677846 8
1652707186874 4.710601714619419 9
1652707217234 4.6854511060212785 10
1652707263505 4.6441494791131275 11
1652707294192 4.579677828571253 12
1652707324632 4.573536350016008 13
1652707354980 4.488894594567163 14
1652707384728 4.433549468006406 15
1652707415594 4.466021880768893 16
1652707461835 4.358947850110238 17
1652707492714 4.283520815665262 18
1652707522723 4.303822555040059 19
1652707570122 4.2178091509588835 20
1652707600638 4.181861835613585 21
1652707630758 4.150645866728666 22
1652707677154 4.072549552248235 23
1652707708554 4.026155352592468 24
1652707739002 3.9823667584804068 25
1652707785381 3.9414819918180766 26
1652707815619 3.9189732451187935 27
1652707845887 3.8117035815590308 28
1652707892469 3.833365059735482 29
1652707922763 3.8184028215575636 30
1652707954578 3.7675650119781494 31
1652708000992 3.653780740604066 32
1652708031966 3.5809607924076547 33
1652708062799 3.5289440963949477 34
1652708110029 3.4346529969147275 35
1652708140917 3.46566347071999 36
1652708171494 3.462177694889537 37
1652708217798 3.3349772419845847 38
1652708248298 3.231021998221414 39
1652708278707 3.147383363623368 40
1652708326804 3.1693986131433856 41
1652708357987 3.0919029796332644 42
1652708389748 3.053523394099453 43
1652708438417 2.911068180151153 44
1652708469504 2.885176704640974 45
1652708500052 2.876791234602008 46
1652708531690 2.863843842556602 47
1652708563116 2.71171446223008 48
