1652706864924 0.6143307747286663 0
1652706897074 0.1978660177504807 1
1652706949368 0.10995754849262021 2
1652706981858 0.07597469022138077 3
1652707013872 0.06022502927174955 4
1652707062955 0.04054731751890167 5
1652707094735 0.029156856365469202 6
1652707125320 0.023075770470313728 7
1652707156245 0.02144969914010481 8
1652707186874 0.015589092892856059 9
1652707217234 0.011939579306431768 10
1652707263505 0.009714893892554468 11
1652707294192 0.008485818906736216 12
1652707324632 0.00807636540195202 13
1652707354980 0.006674386037047952 14
1652707384728 0.0057466670072504455 15
1652707415594 0.005346297427374674 16
1652707461835 0.004099740428245512 17
1652707492714 0.0036755294003932362 18
1652707522723 0.0032594303872125843 19
1652707570122 0.0033273513545282185 20
1652707600638 0.004550183996590867 21
1652707630758 0.005282618229996348 22
1652707677154 0.002545549544473097 23
1652707708554 0.0036336939524987647 24
1652707739002 0.003517892097302696 25
1652707785381 0.003270929336155716 26
1652707815619 0.0024257885320765667 27
1652707845887 0.0020040375182584845 28
1652707892469 0.002159210058795125 29
1652707922763 0.002892268210927253 30
1652707954578 0.006332074651461944 31
1652708000992 0.0030640610126092247 32
1652708031966 0.003809415469795727 33
1652708062799 0.0027818589546118994 34
1652708110029 0.00247377494399968 35
1652708140917 0.0022216752169474043 36
1652708171494 0.0017139831958175229 37
1652708217798 0.0018355550638628764 38
1652708248298 0.0016856253731244227 39
1652708278707 0.001911235731217618 40
1652708326804 0.0017849538095393463 41
1652708357987 0.001569233233264337 42
1652708389748 0.0013479717196324807 43
1652708438417 0.0015030860994828114 44
1652708469504 0.004084304026164638 45
1652708500052 0.0023473680975209725 46
1652708531690 0.0016918322173551771 47
1652708563116 0.001272126567639868 48
