1651669179145 1.3908503311020988 0
1651669209138 1.6595633029937744 1
1651669240828 1.7125348533902849 2
1651669261438 1.0556517839431763 3
1651669281036 0.8371598294803074 4
1651669307460 0.6380718871951103 5
1651669325461 0.32095769641455263 6
1651669342750 0.1564622563975198 7
1651669363273 0.08527833542653493 8
1651669379719 0.08645482574190412 9
1651669396558 0.03697968806539263 10
1651669417112 0.08515628320830208 11
1651669435136 0.017715964000672102 12
1651669451531 0.03179699395384107 13
1651669472675 0.1668106700692858 14
1651669489323 0.07221578008362226 15
1651669506782 0.03861090820282698 16
1651669523213 0.039006131035940986 17
1651669539018 0.011094996971743447 18
1651669556075 0.0361674427986145 19
1651669578476 0.06641693247689141 20
