1651669179145 13.290940012250628 0
1651669209138 13.080314636230469 1
1651669240828 12.227035249982562 2
1651669261438 11.891467911856514 3
1651669281036 10.113804272242955 4
1651669307460 9.248037815093994 5
1651669325461 8.56000703573227 6
1651669342750 8.132453101021904 7
1651669363273 7.640158585139683 8
1651669379719 7.312746116093227 9
1651669396558 6.705395426068987 10
1651669417112 6.897562163216727 11
1651669435136 6.95245224237442 12
1651669451531 6.903633662632534 13
1651669472675 7.315282072339739 14
1651669489323 6.74247237614223 15
1651669506782 6.72103226184845 16
1651669523213 6.5542939049857 17
1651669539018 6.673546518598284 18
1651669556075 6.557466089725494 19
1651669578476 6.760594526926677 20
