1651669179145 14.112686702183314 0
1651669209138 13.265121868678502 1
1651669240828 12.086633954729352 2
1651669261438 12.901954787118095 3
1651669281036 11.475740024021693 4
1651669307460 11.181719064712524 5
1651669325461 11.296315431594849 6
1651669342750 12.0946136202131 7
1651669363273 11.381538799830846 8
1651669379719 10.880963053022112 9
1651669396558 11.438758168901716 10
1651669417112 11.374669075012207 11
1651669435136 11.281293869018555 12
1651669451531 11.180772372654506 13
1651669472675 11.092609541756767 14
1651669489323 10.98692444392613 15
1651669506782 11.499982714653015 16
1651669523213 11.359612737383161 17
1651669539018 11.584138734000069 18
1651669556075 11.09865665435791 19
1651669578476 11.36296198103163 20
