1651669179145 8.632109642028809 0
1651669209138 8.912436485290527 1
1651669240828 8.53725814819336 2
1651669261438 6.866950988769531 3
1651669281036 6.120387554168701 4
1651669307460 5.4504547119140625 5
1651669325461 4.4145612716674805 6
1651669342750 4.050609588623047 7
1651669363273 3.7665390968322754 8
1651669379719 3.6610097885131836 9
1651669396558 3.1630170345306396 10
1651669417112 3.4261598587036133 11
1651669435136 3.1277871131896973 12
1651669451531 3.1711678504943848 13
1651669472675 3.324383020401001 14
1651669489323 3.4349021911621094 15
1651669506782 3.142655372619629 16
1651669523213 3.0346462726593018 17
1651669539018 2.9005935192108154 18
1651669556075 3.04779052734375 19
1651669578476 3.3453378677368164 20
