1651669179145 12.173996107918876 0
1651669209138 12.399934223720006 1
1651669240828 11.485443660191127 2
1651669261438 11.97346796308245 3
1651669281036 11.017321586608887 4
1651669307460 10.553766965866089 5
1651669325461 10.754050016403198 6
1651669342750 11.066790580749512 7
1651669363273 10.794351032802037 8
1651669379719 10.59198556627546 9
1651669396558 10.553340230669294 10
1651669417112 10.351482800074987 11
1651669435136 10.530867338180542 12
1651669451531 10.416754041399274 13
1651669472675 10.353462900434222 14
1651669489323 10.511290005275182 15
1651669506782 10.549354791641235 16
1651669523213 10.597281319754464 17
1651669539018 10.766597611563546 18
1651669556075 10.42085325717926 19
1651669578476 10.42902300092909 20
