1651669179145 4.016472407749721 0
1651669209138 4.159473691667829 1
1651669240828 3.7652665206364224 2
1651669261438 2.780931864465986 3
1651669281036 2.285234638622829 4
1651669307460 1.8501126617193222 5
1651669325461 1.1816984191536903 6
1651669342750 1.0257234828812736 7
1651669363273 0.859095675604684 8
1651669379719 0.7996884712151119 9
1651669396558 0.4031915324074881 10
1651669417112 0.6287572064570018 11
1651669435136 0.40578561276197433 12
1651669451531 0.42597939712660654 13
1651669472675 0.45097193334783825 14
1651669489323 0.6805973457438605 15
1651669506782 0.4424168895930052 16
1651669523213 0.3175470552274159 17
1651669539018 0.2453893976552146 18
1651669556075 0.3727501407265663 19
1651669578476 0.6479835299800875 20
