1651669179145 2.996481043951852 0
1651669209138 2.992192643029349 1
1651669240828 2.9883787631988525 2
1651669261438 2.972748279571533 3
1651669281036 2.9577204840523854 4
1651669307460 2.9295849204063416 5
1651669325461 2.8843645453453064 6
1651669342750 2.8425211225237166 7
1651669363273 2.7990367071969167 8
1651669379719 2.7547810077667236 9
1651669396558 2.706516368048532 10
1651669417112 2.6962644032069614 11
1651669435136 2.688271641731262 12
1651669451531 2.697744744164603 13
1651669472675 2.6895484583718434 14
1651669489323 2.666980743408203 15
1651669506782 2.6470828354358673 16
1651669523213 2.6641580036708286 17
1651669539018 2.630054473876953 18
1651669556075 2.62422975897789 19
1651669578476 2.615326590008206 20
