1651669179145 0.22830472673688615 0
1651669209138 0.10120619567377227 1
1651669240828 0.07107818073460034 2
1651669261438 0.057618622801133564 3
1651669281036 0.04027215391397476 4
1651669307460 0.032685098238289356 5
1651669325461 0.027540645096451044 6
1651669342750 0.025903043204120228 7
1651669363273 0.023128175043634007 8
1651669379719 0.02008525175707681 9
1651669396558 0.016329488983111724 10
1651669417112 0.015981921260910376 11
1651669435136 0.01601399842184037 12
1651669451531 0.015646457272980894 13
1651669472675 0.017051723785698414 14
1651669489323 0.015108011929052216 15
1651669506782 0.014544736710377038 16
1651669523213 0.013934683852962084 17
1651669539018 0.014054480407919203 18
1651669556075 0.01464339904487133 19
1651669578476 0.015610596372021569 20
