1652690386957 0.5093132893917924 0
1652690460793 0.5118207143524945 1
1652690536076 0.511051744727765 2
1652690608063 0.5117966310452606 3
1652690680010 0.5121146481612633 4
1652690776364 0.5122491933148483 5
1652690849598 0.5118429640592155 6
1652690922136 0.512726510985423 7
1652691018489 0.511287375021789 8
1652691092313 0.5106180638074875 9
1652691163183 0.5138515948221601 10
1652691257546 0.5108908543298984 11
1652691330659 0.51497822848417 12
1652691399545 0.5153838832830561 13
1652691495978 0.511682583340283 14
1652691567704 0.5158168719760303 15
1652691638210 0.5146264079315909 16
1652691735798 0.5146399696667989 17
1652691807911 0.5143952283818843 18
