1652690386957 0.014534882356617915 0
1652690460793 0.016909548341912235 1
1652690536076 0.015910525143272795 2
1652690608063 0.017196913044584 3
1652690680010 0.0171194927815091 4
1652690776364 0.01805008113673278 5
1652690849598 0.01818150431075591 6
1652690922136 0.019623826826149125 7
1652691018489 0.020233467063408787 8
1652691092313 0.024812177987769246 9
1652691163183 0.03442997556051303 10
1652691257546 0.04351295415183593 11
1652691330659 0.05315791600841587 12
1652691399545 0.0535521340909703 13
1652691495978 0.05929654647178691 14
1652691567704 0.06505414792175951 15
1652691638210 0.06483513341638548 16
1652691735798 0.0634675793039302 17
1652691807911 0.06960565871480158 18
