1652690386957 0.005221614559725097 0
1652690460793 0.00508885748951212 1
1652690536076 0.004858803785613788 2
1652690608063 0.005400302262472197 3
1652690680010 0.005004860948855006 4
1652690776364 0.0058009125382889985 5
1652690849598 0.006338558117203459 6
1652690922136 0.0068973379731949655 7
1652691018489 0.00894610886029252 8
1652691092313 0.014194140029803747 9
1652691163183 0.02057839707638244 10
1652691257546 0.03262211563033533 11
1652691330659 0.03817970554666194 12
1652691399545 0.03816827393014701 13
1652691495978 0.047613980489429726 14
1652691567704 0.049237292757707427 15
1652691638210 0.05020874265003307 16
1652691735798 0.0488276275631506 17
1652691807911 0.055210450833852766 18
