1652690386957 5.989182472229004 0
1652690460793 5.732790470123291 1
1652690536076 5.679168224334717 2
1652690608063 5.659712314605713 3
1652690680010 5.649311065673828 4
1652690776364 5.643532752990723 5
1652690849598 5.636690616607666 6
1652690922136 5.632848262786865 7
1652691018489 5.622804641723633 8
1652691092313 5.593557834625244 9
1652691163183 5.5902557373046875 10
1652691257546 5.521854877471924 11
1652691330659 5.541759490966797 12
1652691399545 5.531980991363525 13
1652691495978 5.497684001922607 14
1652691567704 5.502071380615234 15
1652691638210 5.508019924163818 16
1652691735798 5.45811653137207 17
1652691807911 5.4798502922058105 18
