1652690386957 8.900219044442904 0
1652690460793 9.051808195599055 1
1652690536076 9.009458848985576 2
1652690608063 8.873860892602952 3
1652690680010 8.50656246316844 4
1652690776364 8.139330370672818 5
1652690849598 8.038439071784586 6
1652690922136 7.593536150657524 7
1652691018489 6.903186022225073 8
1652691092313 6.191631158192952 9
1652691163183 6.040976137950502 10
1652691257546 6.051768401573444 11
1652691330659 6.012974553189035 12
1652691399545 6.019598105858112 13
1652691495978 5.941095648140743 14
1652691567704 5.908606200382628 15
1652691638210 5.902464644662265 16
1652691735798 5.978168447812398 17
1652691807911 5.910676293453927 18
