1652690386957 0.5009136897022441 0
1652690460793 0.5009402228614032 1
1652690536076 0.500989929094153 2
1652690608063 0.501090277049501 3
1652690680010 0.5012801813668218 4
1652690776364 0.5020740623104161 5
1652690849598 0.50303519479299 6
1652690922136 0.5072313819901418 7
1652691018489 0.5128487186916804 8
1652691092313 0.5223827252785365 9
1652691163183 0.5335979317796642 10
1652691257546 0.5410385522349127 11
1652691330659 0.5526732660956302 12
1652691399545 0.5504405940401143 13
1652691495978 0.5546963697877424 14
1652691567704 0.5571549473137691 15
1652691638210 0.5589190053528753 16
1652691735798 0.5550968090693156 17
1652691807911 0.5593565864078069 18
