1652690386957 4.624964479672706 0
1652690460793 4.62489376229755 1
1652690536076 4.624828637656519 2
1652690608063 4.62447899478977 3
1652690680010 4.6239422600844815 4
1652690776364 4.622275393584679 5
1652690849598 4.618002067177983 6
1652690922136 4.610607098724882 7
1652691018489 4.597103813947258 8
1652691092313 4.559336725870768 9
1652691163183 4.542070051719403 10
1652691257546 4.469516326641214 11
1652691330659 4.4738897549904 12
1652691399545 4.466029039744673 13
1652691495978 4.43121693463161 14
1652691567704 4.4290427339488065 15
1652691638210 4.434438010741925 16
1652691735798 4.388359725475311 17
1652691807911 4.406081821958898 18
