1652690386957 0.35399119015309516 0
1652690460793 0.09513603219596208 1
1652690536076 0.04229809577852501 2
1652690608063 0.022346537066962394 3
1652690680010 0.011973625818623547 4
1652690776364 0.006933756683118754 5
1652690849598 0.0038110825219218433 6
1652690922136 0.0022831190728569615 7
1652691018489 0.0015644888906659246 8
1652691092313 0.0012207100077982129 9
1652691163183 0.0007364235492755613 10
1652691257546 0.000408784331139502 11
1652691330659 0.00021833070029399898 12
1652691399545 0.00012731651726238037 13
1652691495978 8.785853683077911e-05 14
1652691567704 5.7073652920609737e-05 15
1652691638210 3.6092781822938786e-05 16
1652691735798 1.9508792115630057e-05 17
1652691807911 1.6686253348333116e-05 18
