1652080327893 0.10808753844041097 0
1652085509616 0.0683279986671661 1
1652092812480 0.06565958195893394 2
1652098017393 0.07055172456434718 3
1652103254407 0.0718498423266773 4
1652110570813 0.06118921574860349 5
1652115743791 0.05628006024584759 6
1652120829690 0.05239609900526943 7
1652128089649 0.0482803443493969 8
1652133154753 0.04601985483770303 9
1652138301157 0.04548729187241711 10
1652145606190 0.04245669185033923 11
1652150804310 0.04098575531613483 12
1652156020562 0.03712149906000812 13
1652163362473 0.03770022565989604 14
1652168531781 0.03514948813908077 15
1652173691707 0.033817529113743285 16
1652180964510 0.03148113739491114 17
1652186129195 0.032198377166679955 18
1652191256986 0.027821223549742098 19
1652196390346 0.03095932099699489 20
