1652080327893 1.4936675991524349 0
1652085509616 1.7325336855348294 1
1652092812480 2.2135080242810568 2
1652098017393 2.3884471843844834 3
1652103254407 2.438166879990331 4
1652110570813 2.6687796077609844 5
1652115743791 2.9086068540689327 6
1652120829690 3.0689891365723927 7
1652128089649 3.191935871204932 8
1652133154753 3.3133820843339077 9
1652138301157 3.380886843635752 10
1652145606190 3.5210136690481644 11
1652150804310 3.611695044741188 12
1652156020562 3.737159483518797 13
1652163362473 3.8144382535294046 14
1652168531781 3.909977516246035 15
1652173691707 3.9671783717078593 16
1652180964510 4.099397777170362 17
1652186129195 4.108371640827015 18
1652191256986 4.250217039495466 19
1652196390346 4.233187771335091 20
