1652080327893 2.4070240471445743 0
1652085509616 2.8408128355805182 1
1652092812480 3.4101282224519966 2
1652098017393 3.560095481316174 3
1652103254407 3.6015265545726605 4
1652110570813 3.9722494319318717 5
1652115743791 4.319082291446098 6
1652120829690 4.537742995098451 7
1652128089649 4.717687429561722 8
1652133154753 4.878504127822642 9
1652138301157 4.9661847545984426 10
1652145606190 5.156955871217812 11
1652150804310 5.285097902387576 12
1652156020562 5.4677063184803405 13
1652163362473 5.560917856040801 14
1652168531781 5.697078823386973 15
1652173691707 5.777217812731429 16
1652180964510 5.977310302638516 17
1652186129195 5.975695644122144 18
1652191256986 6.187960876993459 19
1652196390346 6.140278371674163 20
