1652080327893 9.684749603271484 0
1652085509616 8.292128562927246 1
1652092812480 7.85123872756958 2
1652098017393 7.664252281188965 3
1652103254407 7.533763408660889 4
1652110570813 7.14254093170166 5
1652115743791 6.877490997314453 6
1652120829690 6.66619873046875 7
1652128089649 6.506491184234619 8
1652133154753 6.367814540863037 9
1652138301157 6.244992733001709 10
1652145606190 6.131252288818359 11
1652150804310 6.02366828918457 12
1652156020562 5.920236587524414 13
1652163362473 5.839606761932373 14
1652168531781 5.7405548095703125 15
1652173691707 5.680611610412598 16
1652180964510 5.60076379776001 17
1652186129195 5.525306224822998 18
1652191256986 5.469550132751465 19
1652196390346 5.418290615081787 20
