1652080327893 2.235981394851889 0
1652085509616 2.2914214605970034 1
1652092812480 2.6646425603088533 2
1652098017393 2.7443236800254565 3
1652103254407 2.763192948187861 4
1652110570813 2.9947944502184742 5
1652115743791 3.2253341638210857 6
1652120829690 3.362055425219321 7
1652128089649 3.4686086184808667 8
1652133154753 3.5760493134659033 9
1652138301157 3.632254310573723 10
1652145606190 3.757541427991048 11
1652150804310 3.840327716421165 12
1652156020562 3.961020896618011 13
1652163362473 4.021387972307742 14
1652168531781 4.110769331755454 15
1652173691707 4.161780771018192 16
1652180964510 4.299920165857201 17
1652186129195 4.296646704155369 18
1652191256986 4.440074532599224 19
1652196390346 4.408614996251595 20
