1652080327893 0.3287188103902586 0
1652085509616 0.10841932854784374 1
1652092812480 0.05753576513896426 2
1652098017393 0.03525127340625315 3
1652103254407 0.023143306667524788 4
1652110570813 0.01652196645268633 5
1652115743791 0.01261600885803767 6
1652120829690 0.010162706961107834 7
1652128089649 0.008624396280713088 8
1652133154753 0.007714986660538045 9
1652138301157 0.007052022773728181 10
1652145606190 0.006873660576702187 11
1652150804310 0.006751224474604796 12
1652156020562 0.006864207330163771 13
1652163362473 0.006888015566630709 14
1652168531781 0.0070418936396370035 15
1652173691707 0.007114020215891626 16
1652180964510 0.007488053342279033 17
1652186129195 0.007424404294696578 18
1652191256986 0.007881357926926407 19
1652196390346 0.007743687673987718 20
