1652080327893 8.843369458726107 0
1652085509616 7.798271387675821 1
1652092812480 7.425957183764711 2
1652098017393 7.255708901984957 3
1652103254407 7.135013658277543 4
1652110570813 6.7910729173532465 5
1652115743791 6.555553483557967 6
1652120829690 6.368005712757211 7
1652128089649 6.227443574294937 8
1652133154753 6.103970523179974 9
1652138301157 5.988449428918324 10
1652145606190 5.88669284735479 11
1652150804310 5.787853867471944 12
1652156020562 5.697367821548626 13
1652163362473 5.619412678376804 14
1652168531781 5.529838837993023 15
1652173691707 5.475067471734474 16
1652180964510 5.404742466280588 17
1652186129195 5.329302546303744 18
1652191256986 5.285555525575629 19
1652196390346 5.228743083754095 20
