1652080327893 0.404574295388975 0
1652085509616 0.3171099693291532 1
1652092812480 0.30208515115879275 2
1652098017393 0.30273957906293397 3
1652103254407 0.3037560879271508 4
1652110570813 0.2737562060428269 5
1652115743791 0.25304137508054253 6
1652120829690 0.23563472528929108 7
1652128089649 0.22214273452547648 8
1652133154753 0.2101089102462971 9
1652138301157 0.20400383374356687 10
1652145606190 0.1952290348329966 11
1652150804310 0.18807716531900628 12
1652156020562 0.17888293049229137 13
1652163362473 0.17560614314254938 14
1652168531781 0.16852476220386603 15
1652173691707 0.16461259875077747 16
1652180964510 0.1570520088671384 17
1652186129195 0.15638072794739338 18
1652191256986 0.14829135355852477 19
1652196390346 0.15084476244433143 20
