1652694964965 0.856270840998446 0
1652694990691 0.5060745079195901 1
1652695031550 0.5031370634443304 2
1652695057466 0.5967369591921903 3
1652695082935 0.5272225047765153 4
1652695124068 0.5391286032253437 5
1652695151903 0.5608137508233388 6
1652695177522 0.5068142082584038 7
1652695218652 0.5077614817726478 8
1652695245159 0.5096970635853456 9
1652695270168 0.5024979851219091 10
1652695310745 0.5066778080330955 11
1652695336184 0.5278017999750845 12
1652695360964 0.5236849192153202 13
1652695401378 0.5102334452999963 14
1652695426680 0.5044267452164982 15
1652695451762 0.5256191482034962 16
1652695493042 0.6120106356011497 17
1652695519333 0.5582867639788082 18
1652695545184 0.5412071949980232 19
1652695571287 0.5742254464813833 20
1652695595912 0.5354751864176118 21
1652695622018 0.522662643260426 22
1652695647592 0.5182849503635021 23
