1652694964965 7.754426002502441 0
1652694990691 5.7167816162109375 1
1652695031550 5.652888774871826 2
1652695057466 7.048664093017578 3
1652695082935 5.909304618835449 4
1652695124068 5.76153039932251 5
1652695151903 7.1601033210754395 6
1652695177522 5.945873737335205 7
1652695218652 5.6191229820251465 8
1652695245159 5.572410583496094 9
1652695270168 5.5336995124816895 10
1652695310745 5.562969207763672 11
1652695336184 5.659714698791504 12
1652695360964 5.666140079498291 13
1652695401378 5.5667924880981445 14
1652695426680 5.553912162780762 15
1652695451762 5.661247253417969 16
1652695493042 6.79769229888916 17
1652695519333 5.980039596557617 18
1652695545184 5.7652435302734375 19
1652695571287 5.855777263641357 20
1652695595912 5.8016133308410645 21
1652695622018 5.618582725524902 22
1652695647592 5.565739631652832 23
