1652694964965 1.761063241933504 0
1652694990691 0.07585146890304396 1
1652695031550 0.04800989464176505 2
1652695057466 0.0774006188682386 3
1652695082935 0.031019263217681173 4
1652695124068 0.03468105579022091 5
1652695151903 0.06277783609289145 6
1652695177522 0.015273190817491044 7
1652695218652 0.015449800425082347 8
1652695245159 0.016496141313949553 9
1652695270168 0.01420734923975319 10
1652695310745 0.010989383914579775 11
1652695336184 0.024564560026389057 12
1652695360964 0.022799145074118773 13
1652695401378 0.014071880578227239 14
1652695426680 0.012215087054150236 15
1652695451762 0.021250612420133395 16
1652695493042 0.07868988137236481 17
1652695519333 0.04456318217664242 18
1652695545184 0.03387582513071496 19
1652695571287 0.059003057798224616 20
1652695595912 0.03045221143045208 21
1652695622018 0.021283681612999317 22
1652695647592 0.018509613603455773 23
