1652694964965 2.0351872884071947 0
1652694990691 0.08192597353684433 1
1652695031550 0.05114695551187805 2
1652695057466 0.17413757447404474 3
1652695082935 0.05824176673097222 4
1652695124068 0.0738096621797912 5
1652695151903 0.12359158610925078 6
1652695177522 0.0220873950185317 7
1652695218652 0.023211279324140778 8
1652695245159 0.02619320542153934 9
1652695270168 0.0167053275469565 10
1652695310745 0.017667188195304738 11
1652695336184 0.05236635746936617 12
1652695360964 0.04648406113487449 13
1652695401378 0.02430532589658267 14
1652695426680 0.016641837179796833 15
1652695451762 0.046869756345208104 16
1652695493042 0.19070051424205303 17
1652695519333 0.10284995206035255 18
1652695545184 0.0750830199862464 19
1652695571287 0.13322849492176195 20
1652695595912 0.06592739272988245 21
1652695622018 0.04394632378179166 22
1652695647592 0.036794565999985075 23
