1652694964965 14.42225755198618 0
1652694990691 6.350436692827203 1
1652695031550 4.874415965562456 2
1652695057466 46.338056800070774 3
1652695082935 17.73042179225536 4
1652695124068 15.954541048307098 5
1652695151903 36.537082470787894 6
1652695177522 5.228010729457555 7
1652695218652 6.161018942179305 8
1652695245159 8.074790370598269 9
1652695270168 3.114906236027064 10
1652695310745 5.717448647816976 11
1652695336184 14.99892057193799 12
1652695360964 13.935564606377248 13
1652695401378 7.0131409962972 14
1652695426680 3.204555619968457 15
1652695451762 12.729555622915203 16
1652695493042 54.85536158879598 17
1652695519333 34.23131013720223 18
1652695545184 19.00278083929855 19
1652695571287 37.496913534871645 20
1652695595912 18.30750401100416 21
1652695622018 10.576494031482273 22
1652695647592 8.6037661038088 23
