1652694964965 0.001 0
1652694990691 0.0002 1
1652695031550 0.0004 2
1652695057466 0.0006 3
1652695082935 0.0008 4
1652695124068 0.001 5
1652695151903 0.001 6
1652695177522 0.001 7
1652695218652 0.001 8
1652695245159 0.001 9
1652695270168 0.001 10
1652695310745 0.001 11
1652695336184 0.001 12
1652695360964 0.001 13
1652695401378 0.001 14
1652695426680 0.001 15
1652695451762 0.001 16
1652695493042 0.001 17
1652695519333 0.001 18
1652695545184 0.001 19
1652695571287 0.001 20
1652695595912 0.001 21
1652695622018 0.001 22
1652695647592 0.001 23
