1652694964965 1.8519660137342604 0
1652694990691 0.5477282190590762 1
1652695031550 0.5348423488354415 2
1652695057466 0.5147034187665146 3
1652695082935 0.5107096406850922 4
1652695124068 0.5113624829924508 5
1652695151903 0.5118421306212743 6
1652695177522 0.5133987588159153 7
1652695218652 0.5092568045921539 8
1652695245159 0.5082080883256505 9
1652695270168 0.5092136374350344 10
1652695310745 0.5071321335103777 11
1652695336184 0.5077171982004401 12
1652695360964 0.5077919176455294 13
1652695401378 0.5075132492515776 14
1652695426680 0.5090920891654626 15
1652695451762 0.5070846653386448 16
1652695493042 0.5060280425681009 17
1652695519333 0.5055964167198438 18
1652695545184 0.5048141007343036 19
1652695571287 0.5046297043896792 20
1652695595912 0.5152902341960521 21
1652695622018 0.510078403684828 22
1652695647592 0.5112369542711237 23
