1652694964965 4.610189298565468 0
1652694990691 4.580477548449227 1
1652695031550 4.576598440663198 2
1652695057466 4.559855083401284 3
1652695082935 4.575920206777165 4
1652695124068 4.539049054799455 5
1652695151903 4.532117915153504 6
1652695177522 4.582425117492676 7
1652695218652 4.520379120044494 8
1652695245159 4.502127666151925 9
1652695270168 4.5004063000839745 10
1652695310745 4.529632393519083 11
1652695336184 4.520537306753437 12
1652695360964 4.479397958584046 13
1652695401378 4.507157821125454 14
1652695426680 4.517694802766435 15
1652695451762 4.541560355197178 16
1652695493042 4.4825127998987835 17
1652695519333 4.485600168785353 18
1652695545184 4.493866395414545 19
1652695571287 4.47935621925954 20
1652695595912 4.651816635989071 21
1652695622018 4.51443333360884 22
1652695647592 4.4991933817274115 23
