1652694964965 0.4360001221942726 0
1652694990691 0.08250172128586956 1
1652695031550 0.03831135232284079 2
1652695057466 1.3773688845378294 3
1652695082935 0.29545207887827785 4
1652695124068 0.17199013906981 5
1652695151903 1.5553291198370667 6
1652695177522 0.3432351916458123 7
1652695218652 0.08172562565743463 8
1652695245159 0.05237733844825945 9
1652695270168 0.021581630666578044 10
1652695310745 0.019526932675701877 11
1652695336184 0.10365824022047808 12
1652695360964 0.15526530843946215 13
1652695401378 0.04188764199110059 14
1652695426680 0.02269844094904799 15
1652695451762 0.08698278038992724 16
1652695493042 1.1971403832599106 17
1652695519333 0.43055607940938867 18
1652695545184 0.22535624735978213 19
1652695571287 0.2975657671438844 20
1652695595912 0.09903096020865265 21
1652695622018 0.07140864225285541 22
1652695647592 0.03702398609524342 23
