1651680019415 0.10842213655241219 0
1651685130556 0.06986379388507669 1
1651692382130 0.06744725570239189 2
1651697541005 0.07153865182440915 3
1651702681785 0.07400920059166567 4
1651709930978 0.0620660385801884 5
1651726882855 0.057511866674673034 6
1651732118433 0.052725374806478244 7
1651739509962 0.04857682500021471 8
1651744786263 0.04492294139378334 9
1651750101191 0.04454169872848912 10
1651757520460 0.042687312430620926 11
1651762792299 0.041428215491198635 12
1651768094299 0.03805531119654824 13
1651775482549 0.037179396570521994 14
1651780716107 0.034752585925847075 15
1651785916998 0.02292654605980587 16
1651793212739 0.015733757185412582 17
1651798451614 0.014256125703910105 18
1651803682840 0.012833598981839806 19
1651808848599 0.01290384409292502 20
1651814070366 0.011516036025338466 21
1651819355840 0.011684962586584198 22
