1651680019415 1.5426057084640723 0
1651685130556 1.7644649888506647 1
1651692382130 2.1557572775056904 2
1651697541005 2.316741112218131 3
1651702681785 2.3348107021633666 4
1651709930978 2.4825085273890597 5
1651726882855 2.6185235080484346 6
1651732118433 2.7678555923661925 7
1651739509962 2.903298022192331 8
1651744786263 3.061246408071044 9
1651750101191 3.143572094905231 10
1651757520460 3.201871267215269 11
1651762792299 3.284354684893618 12
1651768094299 3.388418635672906 13
1651775482549 3.457123881008654 14
1651780716107 3.5671765525851833 15
1651785916998 3.5710088325474123 16
1651793212739 3.5313709791620536 17
1651798451614 3.536717137222326 18
1651803682840 3.5520862875323225 19
1651808848599 3.5527183954807344 20
1651814070366 3.540435946423424 21
1651819355840 3.5174601854793135 22
