1651680019415 2.466043659860326 0
1651685130556 2.870880074987595 1
1651692382130 3.3012953346006872 2
1651697541005 3.443108487863795 3
1651702681785 3.4353526116339204 4
1651709930978 3.7021035785248264 5
1651726882855 3.8958473576253523 6
1651732118433 4.1194076543952125 7
1651739509962 4.308167562377486 8
1651744786263 4.5398386438371094 9
1651750101191 4.6448826518367134 10
1651757520460 4.724550682021394 11
1651762792299 4.844047630375082 12
1651768094299 5.001207428913644 13
1651775482549 5.093084468194672 14
1651780716107 5.258880248404337 15
1651785916998 5.52097798988656 16
1651793212739 5.735251419937487 17
1651798451614 5.815827582244462 18
1651803682840 5.892549203265198 19
1651808848599 5.92885336394386 20
1651814070366 5.956949436899201 21
1651819355840 5.950144542302612 22
