1651680019415 9.686500549316406 0
1651685130556 8.298211097717285 1
1651692382130 7.8507819175720215 2
1651697541005 7.668585777282715 3
1651702681785 7.5377397537231445 4
1651709930978 7.148258209228516 5
1651726882855 6.888256072998047 6
1651732118433 6.697976589202881 7
1651739509962 6.541379928588867 8
1651744786263 6.407476425170898 9
1651750101191 6.296832084655762 10
1651757520460 6.202942848205566 11
1651762792299 6.103103160858154 12
1651768094299 6.029819488525391 13
1651775482549 5.949982166290283 14
1651780716107 5.854148864746094 15
1651785916998 4.558521270751953 16
1651793212739 4.271535873413086 17
1651798451614 4.303883075714111 18
1651803682840 4.383516311645508 19
1651808848599 4.455014228820801 20
1651814070366 4.503346920013428 21
1651819355840 4.555168151855469 22
