1651680019415 2.276733339321647 0
1651685130556 2.279678283865025 1
1651692382130 2.54895977520898 2
1651697541005 2.647033913038329 3
1651702681785 2.647998843960038 4
1651709930978 2.8148866785583704 5
1651726882855 2.93722633318239 6
1651732118433 3.0830550196859385 7
1651739509962 3.196978167858544 8
1651744786263 3.350845439923402 9
1651750101191 3.421454850769311 10
1651757520460 3.467209236439747 11
1651762792299 3.5471330805146595 12
1651768094299 3.6548317196833944 13
1651775482549 3.716092083564739 14
1651780716107 3.8297878435795543 15
1651785916998 3.973106227528859 16
1651793212739 4.139105223894343 17
1651798451614 4.201826857788717 18
1651803682840 4.250170366454351 19
1651808848599 4.278844131664797 20
1651814070366 4.296167108033903 21
1651819355840 4.293510597279503 22
