1651680019415 0.0005 0
1651685130556 0.0001 1
1651692382130 0.0002 2
1651697541005 0.0003 3
1651702681785 0.0004 4
1651709930978 0.0005 5
1651726882855 0.0005 6
1651732118433 0.0005 7
1651739509962 0.0005 8
1651744786263 0.0005 9
1651750101191 0.0005 10
1651757520460 0.0005 11
1651762792299 0.0005 12
1651768094299 0.0005 13
1651775482549 0.0005 14
1651780716107 0.0005 15
1651785916998 5e-05 16
1651793212739 5e-05 17
1651798451614 5e-05 18
1651803682840 5e-05 19
1651808848599 5e-05 20
1651814070366 5e-05 21
1651819355840 5e-05 22
