1651680019415 8.842406413045685 0
1651685130556 7.800904555782159 1
1651692382130 7.422904373192854 2
1651697541005 7.256529856532561 3
1651702681785 7.133775808524616 4
1651709930978 6.792900200678348 5
1651726882855 6.558530622849914 6
1651732118433 6.390658514291554 7
1651739509962 6.251347427110641 8
1651744786263 6.136669577899779 9
1651750101191 6.032271273902006 10
1651757520460 5.947623021893671 11
1651762792299 5.855078934617655 12
1651768094299 5.7933799088308495 13
1651775482549 5.71948712467868 14
1651780716107 5.634341217754623 15
1651785916998 4.387177294914479 16
1651793212739 4.126562092973455 17
1651798451614 4.1634030038632295 18
1651803682840 4.24878389208102 19
1651808848599 4.32283955452145 20
1651814070366 4.375740618477274 21
1651819355840 4.426176164135155 22
