1651680019415 0.32913559512453433 0
1651685130556 0.10857265975689948 1
1651692382130 0.05730869742052546 2
1651697541005 0.035033684322535105 3
1651702681785 0.022867971718376335 4
1651709930978 0.016002624983560632 5
1651726882855 0.011761527169276493 6
1651732118433 0.009260906732881765 7
1651739509962 0.0077093615775557815 8
1651744786263 0.006878116433725814 9
1651750101191 0.006235817926413237 10
1651757520460 0.005803914185744974 11
1651762792299 0.005622241402828487 12
1651768094299 0.005639261650740917 13
1651775482549 0.005618029733379603 14
1651780716107 0.005816407960185997 15
1651785916998 0.00515825079117693 16
1651793212739 0.004714509464668122 17
1651798451614 0.004607498052304361 18
1651803682840 0.004574132889012394 19
1651808848599 0.004525803348888323 20
1651814070366 0.004466182580236267 21
1651819355840 0.004388429547060846 22
