1651680019415 0.4065359858301208 0
1651685130556 0.31886952134645075 1
1651692382130 0.30312155260064116 2
1651697541005 0.30548324239763053 3
1651702681785 0.3070867936846529 4
1651709930978 0.2772891918195801 5
1651726882855 0.2604522850222866 6
1651732118433 0.24533179893692236 7
1651739509962 0.23374680708302115 8
1651744786263 0.21900581921437 9
1651750101191 0.21378321611379633 10
1651757520460 0.20682825059688886 11
1651762792299 0.20097330791695886 12
1651768094299 0.19274462974440132 13
1651775482549 0.18769771217724018 14
1651780716107 0.17923873675206387 15
1651785916998 0.1432588377960228 16
1651793212739 0.12452526125764603 17
1651798451614 0.12161616385908472 18
1651803682840 0.11732432848691296 19
1651808848599 0.11474455849611118 20
1651814070366 0.11162396281812123 21
1651819355840 0.11291844976841721 22
