1652796086682 1.1945680703435626 0
1652796117242 0.16849544932525876 1
1652796164674 0.12058270483723153 2
1652796197488 0.10100719348554486 3
1652796228162 0.11291017453945444 4
1652796276862 0.08753281803438913 5
1652796309479 0.06472398073326432 6
1652796341561 0.07022944858729624 7
1652796389521 0.03119352955094444 8
1652796421460 0.03789370224352323 9
1652796452576 0.03039595777483876 10
1652796484737 0.022072304217598523 11
1652796516038 0.015338120781935312 12
1652796548809 0.011387738328682775 13
1652796580900 0.007843074926168429 14
1652796613165 0.003643585213770469 15
1652796645263 0.004635529229889853 16
1652796693652 0.006424113602775648 17
