1652796086682 11.8229309797287 0
1652796117242 2.0506065202795942 1
1652796164674 2.2845350400261255 2
1652796197488 2.537749005400616 3
1652796228162 2.453116261440775 4
1652796276862 2.507184650586999 5
1652796309479 2.8271015657894853 6
1652796341561 2.6762409866720005 7
1652796389521 2.8724616990573164 8
1652796421460 3.049213507596184 9
1652796452576 2.8832224572406098 10
1652796484737 3.3798327796599446 11
1652796516038 3.040126491995419 12
1652796548809 3.137672897747585 13
1652796580900 3.1366224703581436 14
1652796613165 3.2246586965477984 15
1652796645263 3.029459403908771 16
1652796693652 3.2689960901288018 17
