1652796086682 12.123248250143869 0
1652796117242 2.721714862878772 1
1652796164674 3.210309284320776 2
1652796197488 3.6674210679703863 3
1652796228162 3.514130975889123 4
1652796276862 3.6956590984178628 5
1652796309479 4.206840380378392 6
1652796341561 4.023889361948207 7
1652796389521 4.541938747184864 8
1652796421460 4.8009242555674385 9
1652796452576 4.524301437770619 10
1652796484737 5.429868179209092 11
1652796516038 5.0120009885114785 12
1652796548809 5.320051159177508 13
1652796580900 5.303727025571077 14
1652796613165 5.752193976139677 15
1652796645263 5.418518854224163 16
1652796693652 5.650642671446869 17
