1652796086682 10.205206871032715 0
1652796117242 5.445473670959473 1
1652796164674 4.316341400146484 2
1652796197488 3.613940954208374 3
1652796228162 3.476576328277588 4
1652796276862 3.1720330715179443 5
1652796309479 2.730099678039551 6
1652796341561 2.6073455810546875 7
1652796389521 2.2774720191955566 8
1652796421460 2.167806386947632 9
1652796452576 2.0043935775756836 10
1652796484737 1.8021278381347656 11
1652796516038 1.7153455018997192 12
1652796548809 1.5492429733276367 13
1652796580900 1.4982842206954956 14
1652796613165 1.448573112487793 15
1652796645263 1.4479608535766602 16
1652796693652 1.4730690717697144 17
