1652796086682 16.529740067890714 0
1652796117242 7.012912273406982 1
1652796164674 6.622316526330036 2
1652796197488 6.347491423288981 3
1652796228162 6.172534362129543 4
1652796276862 6.116017272506935 5
1652796309479 6.243911687878595 6
1652796341561 6.262873027635657 7
1652796389521 6.298374113829239 8
1652796421460 6.398605620159822 9
1652796452576 6.30887490160325 10
1652796484737 6.670365929603577 11
1652796516038 6.382244629018447 12
1652796548809 6.489360748018537 13
1652796580900 6.522187613058781 14
1652796613165 6.654647336489912 15
1652796645263 6.509702862172887 16
1652796693652 6.632362082384635 17
