1652796086682 0.0005 0
1652796117242 9.999143312438893e-05 1
1652796164674 0.00019992290252373647 2
1652796197488 0.0002997858281147566 3
1652796228162 0.00039958015115922106 4
1652796276862 0.000499305765807473 5
1652796309479 0.0004984582271796303 6
1652796341561 0.0004974579649771118 7
1652796389521 0.0004963056647296669 8
1652796421460 0.0004950021161663265 9
1652796452576 0.0004935482126741623 10
1652796484737 0.0004919449506860037 11
1652796516038 0.0004901934289975327 12
1652796548809 0.0004882948480142241 13
1652796580900 0.0004862505089286475 14
1652796613165 0.00048406181282869534 15
1652796645263 0.0004817302597373466 16
1652796693652 0.00047925744758462645 17
