1652796086682 0.9660017345632825 0
1652796117242 0.33096489751630503 1
1652796164674 0.18244591937737836 2
1652796197488 0.11291438808826648 3
1652796228162 0.07664196932539884 4
1652796276862 0.0547560211945919 5
1652796309479 0.041716099682979395 6
1652796341561 0.031117777556072975 7
1652796389521 0.023285599816860496 8
1652796421460 0.019034056218943614 9
1652796452576 0.014907023972174263 10
1652796484737 0.013930280932553989 11
1652796516038 0.01035280292853713 12
1652796548809 0.008885630419743912 13
1652796580900 0.008093494483256254 14
1652796613165 0.007435074352753767 15
1652796645263 0.006366497030535686 16
1652796693652 0.006921896872961003 17
