1652796086682 2.880488914677075 0
1652796117242 0.5616887599445771 1
1652796164674 0.5032030804001767 2
1652796197488 0.45211187771696976 3
1652796228162 0.4951077087417893 4
1652796276862 0.4334880310394194 5
1652796309479 0.38782365900882776 6
1652796341561 0.38728076554294943 7
1652796389521 0.2809366650096532 8
1652796421460 0.30712489060619297 9
1652796452576 0.278772811350577 10
1652796484737 0.24196585897452144 11
1652796516038 0.2148261075216236 12
1652796548809 0.17911698165615755 13
1652796580900 0.17112381505590957 14
1652796613165 0.1570481257158858 15
1652796645263 0.14883970096369908 16
1652796693652 0.15937956130432396 17
