1652796086682 5.164148146765573 0
1652796117242 4.384324070336162 1
1652796164674 3.510109414225039 2
1652796197488 2.9479072802308677 3
1652796228162 2.7919162166291387 4
1652796276862 2.596256083336429 5
1652796309479 2.2358360014100005 6
1652796341561 2.1187176877173823 7
1652796389521 1.9420562343320984 8
1652796421460 1.803753467167125 9
1652796452576 1.6803179032662336 10
1652796484737 1.5241594314575195 11
1652796516038 1.4748285377726835 12
1652796548809 1.3498526624270848 13
1652796580900 1.311223849006321 14
1652796613165 1.280446285786836 15
1652796645263 1.2881190310353818 16
1652796693652 1.3003434668416562 17
