1652682923955 0.6326177636520904 0
1652683162396 0.5173734572895786 1
1652683400577 0.5100545012740837 2
1652683637152 0.5116685055163464 3
1652683877439 0.5089841477180782 4
1652684175798 0.5213728460826372 5
1652684417059 0.5114496188205585 6
1652684655536 0.5197415995386849 7
1652684951302 0.5134306776840075 8
1652685191931 0.5107349565154627 9
1652685431859 0.5110679156424707 10
1652685731898 0.5107648858898565 11
1652685970991 0.5105544758000563 12
1652686210458 0.5175531033902442 13
1652686509207 0.5109053561340869 14
1652686751440 0.5119683695466895 15
1652686993319 0.5117545998410175 16
1652687290853 0.511938058754854 17
