1652682923955 0.549448114166265 0
1652683162396 0.036580172614521234 1
1652683400577 0.01576868369318113 2
1652683637152 0.009258688531383591 3
1652683877439 0.00795461778856558 4
1652684175798 0.009594160206838273 5
1652684417059 0.006843803102100809 6
1652684655536 0.009179602106344815 7
1652684951302 0.00651436845466672 8
1652685191931 0.005817597032905485 9
1652685431859 0.0060185243769879295 10
1652685731898 0.005632253089721304 11
1652685970991 0.005569530631440218 12
1652686210458 0.007866206635244934 13
1652686509207 0.005872339439701444 14
1652686751440 0.006289146049008802 15
1652686993319 0.005385712323196027 16
1652687290853 0.005588041845250676 17
