1652682923955 7.8181986808776855 0
1652683162396 6.959848403930664 1
1652683400577 6.867763519287109 2
1652683637152 6.839766979217529 3
1652683877439 6.787745475769043 4
1652684175798 6.83399772644043 5
1652684417059 6.7552642822265625 6
1652684655536 6.736664295196533 7
1652684951302 6.757838249206543 8
1652685191931 6.688087463378906 9
1652685431859 6.672901630401611 10
1652685731898 6.649104595184326 11
1652685970991 6.6679253578186035 12
1652686210458 6.689650535583496 13
1652686509207 6.6069817543029785 14
1652686751440 6.585524559020996 15
1652686993319 6.6164422035217285 16
1652687290853 6.574351787567139 17
