1652682923955 0.6602939003261558 0
1652683162396 0.05395361227228453 1
1652683400577 0.025823166860587533 2
1652683637152 0.020927177454931622 3
1652683877439 0.016938745189690962 4
1652684175798 0.030966986799939422 5
1652684417059 0.018293401690020243 6
1652684655536 0.028921179871066613 7
1652684951302 0.019945025157628464 8
1652685191931 0.016552528019242903 9
1652685431859 0.017086421833945473 10
1652685731898 0.016397116570978573 11
1652685970991 0.01612398418134267 12
1652686210458 0.02541929159091892 13
1652686509207 0.0167776746183043 14
1652686751440 0.018257490416433205 15
1652686993319 0.017140290027958128 16
1652687290853 0.017526075838280742 17
