1652682923955 6.35744198738483 0
1652683162396 5.495159439350429 1
1652683400577 3.766013332400553 2
1652683637152 5.597768595565258 3
1652683877439 4.229432161439929 4
1652684175798 9.501729438179417 5
1652684417059 6.386112859374599 6
1652684655536 10.184528669424816 7
1652684951302 8.163743736469641 8
1652685191931 5.956295343867519 9
1652685431859 6.07988859268657 10
1652685731898 6.001766520634032 11
1652685970991 5.880445677803476 12
1652686210458 8.415495700248012 13
1652686509207 6.06967319580952 14
1652686751440 6.415394862492879 15
1652686993319 6.255936302636799 16
1652687290853 6.242472592153047 17
