1652682923955 5.843869755142613 0
1652683162396 5.809111020021271 1
1652683400577 5.788604427539305 2
1652683637152 5.787880941634661 3
1652683877439 5.748583898209689 4
1652684175798 5.748217277359545 5
1652684417059 5.72819611691592 6
1652684655536 5.69500186169042 7
1652684951302 5.725549037477611 8
1652685191931 5.667171881909956 9
1652685431859 5.654169444452252 10
1652685731898 5.631103731038277 11
1652685970991 5.650950742713155 12
1652686210458 5.637005959313346 13
1652686509207 5.587496137829079 14
1652686751440 5.566368812008908 15
1652686993319 5.59804626305898 16
1652687290853 5.555758476257324 17
