1652682923955 0.9999332213610933 0
1652683162396 0.5384596795366522 1
1652683400577 0.5226020933773023 2
1652683637152 0.5136312676946497 3
1652683877439 0.5112160203749674 4
1652684175798 0.5077610282521499 5
1652684417059 0.506820563815142 6
1652684655536 0.5056293203239948 7
1652684951302 0.5053051575622728 8
1652685191931 0.5056434425345638 9
1652685431859 0.5050409461061159 10
1652685731898 0.5051280108460209 11
1652685970991 0.5040898435966559 12
1652686210458 0.5039268820033724 13
1652686509207 0.5040589342558437 14
1652686751440 0.5038515083622515 15
1652686993319 0.5036359868551555 16
1652687290853 0.5033467294354188 17
