1652682923955 0.3417781388321728 0
1652683162396 0.09490483093867895 1
1652683400577 0.04650292805311914 2
1652683637152 0.02658686176401928 3
1652683877439 0.01896162641596196 4
1652684175798 0.056646733847038264 5
1652684417059 0.008797768372268797 6
1652684655536 0.016290909154299416 7
1652684951302 0.013553774953238765 8
1652685191931 0.004537034460155522 9
1652685431859 0.002623322405078828 10
1652685731898 0.0021081800059300007 11
1652685970991 0.002330887669749714 12
1652686210458 0.031164875271215232 13
1652686509207 0.004521548326074921 14
1652686751440 0.003336109485979633 15
1652686993319 0.003004938774482294 16
1652687290853 0.0033080054351573877 17
