1652794433495 1.152705721770014 0
1652794465865 0.17224370138179781 1
1652794515828 0.1020340775207117 2
1652794548703 0.04565693903967495 3
1652794581809 0.07378374662695696 4
1652794629289 0.0427097325302674 5
1652794661960 0.026277807773686105 6
1652794694203 0.028608893577863153 7
1652794742347 0.01227289691651358 8
1652794774712 0.016389071982677493 9
1652794804500 0.009833701095297276 10
1652794836749 0.013977060010588235 11
1652794868294 0.011954323848305434 12
1652794901238 0.01409423815784976 13
1652794933436 0.004619215901914066 14
1652794965914 0.006232724030691104 15
1652794998195 0.001680036379105371 16
1652795046388 0.0026117561765072487 17
1652795078492 0.0021237074464991474 18
1652795110548 0.0 19
