1652794433495 11.81393117564065 0
1652794465865 2.7716266486955727 1
1652794515828 3.052391072978144 2
1652794548703 4.149437990741453 3
1652794581809 4.3333274246989815 4
1652794629289 4.562610004259192 5
1652794661960 5.289493933967922 6
1652794694203 5.091727063275766 7
1652794742347 5.394313971201579 8
1652794774712 5.8332673661849075 9
1652794804500 5.4660846345564895 10
1652794836749 6.0948825723984665 11
1652794868294 5.45904102044947 12
1652794901238 5.668248353685652 13
1652794933436 5.816975510638693 14
1652794965914 5.677865664164226 15
1652794998195 5.931402372277302 16
1652795046388 5.966429655102716 17
1652795078492 6.010326309480529 18
1652795110548 6.31670870297197 19
