1652794433495 11.375296483721051 0
1652794465865 2.0688080217527305 1
1652794515828 2.043928027153015 2
1652794548703 2.584175161693407 3
1652794581809 2.7851407631583838 4
1652794629289 2.846692762513092 5
1652794661960 3.232791465261708 6
1652794694203 3.0956972163656484 7
1652794742347 3.1700392218603604 8
1652794774712 3.475913198555217 9
1652794804500 3.1394322830087997 10
1652794836749 3.464847312254064 11
1652794868294 3.175562430830563 12
1652794901238 3.24230283669063 13
1652794933436 3.3097322401793106 14
1652794965914 3.1613551741061 15
1652794998195 3.1566768279974013 16
1652795046388 3.084413421326789 17
1652795078492 3.097357369851375 18
1652795110548 3.1722058524256167 19
