1652794433495 10.175188064575195 0
1652794465865 5.441723346710205 1
1652794515828 4.130316734313965 2
1652794548703 3.201279878616333 3
1652794581809 3.0896992683410645 4
1652794629289 2.7041518688201904 5
1652794661960 2.358102560043335 6
1652794694203 2.155482292175293 7
1652794742347 1.869391918182373 8
1652794774712 1.765625 9
1652794804500 1.6351066827774048 10
1652794836749 1.617369532585144 11
1652794868294 1.7618520259857178 12
1652794901238 1.628968596458435 13
1652794933436 1.5217173099517822 14
1652794965914 1.4823706150054932 15
1652794998195 1.4297819137573242 16
1652795046388 1.352100133895874 17
1652795078492 1.3181133270263672 18
1652795110548 1.277677059173584 19
