1652794433495 16.68838619504656 0
1652794465865 7.2135563587796865 1
1652794515828 6.438861584317857 2
1652794548703 6.596064152924911 3
1652794581809 6.549378630043804 4
1652794629289 6.532318357108296 5
1652794661960 6.708157601563827 6
1652794694203 6.6943328069603965 7
1652794742347 6.61012644007586 8
1652794774712 6.947028826264774 9
1652794804500 6.694496021551244 10
1652794836749 6.978279303101933 11
1652794868294 6.667915105819702 12
1652794901238 6.638353484017508 13
1652794933436 6.75556384653285 14
1652794965914 6.709869440051093 15
1652794998195 6.842059176901112 16
1652795046388 6.762096121691275 17
1652795078492 6.814084647358328 18
1652795110548 6.968314488728841 19
