1652794433495 0.0005 0
1652794465865 9.999143312438893e-05 1
1652794515828 0.00019992290252373647 2
1652794548703 0.0002997858281147566 3
1652794581809 0.00039958015115922106 4
1652794629289 0.000499305765807473 5
1652794661960 0.0004984582271796303 6
1652794694203 0.0004974579649771118 7
1652794742347 0.0004963056647296669 8
1652794774712 0.0004950021161663265 9
1652794804500 0.0004935482126741623 10
1652794836749 0.0004919449506860037 11
1652794868294 0.0004901934289975327 12
1652794901238 0.0004882948480142241 13
1652794933436 0.0004862505089286475 14
1652794965914 0.00048406181282869534 15
1652794998195 0.0004817302597373466 16
1652795046388 0.00047925744758462645 17
1652795078492 0.0004766450711124646 18
1652795110548 0.00047389492071320396 19
