1652794433495 5.167921168463571 0
1652794465865 4.366650736850241 1
1652794515828 3.413545895313871 2
1652794548703 2.7064968658530195 3
1652794581809 2.535370729971623 4
1652794629289 2.2756585280100503 5
1652794661960 2.011939903964167 6
1652794694203 1.7972611413485762 7
1652794742347 1.6258620559305386 8
1652794774712 1.5075868087656357 9
1652794804500 1.4298395058687996 10
1652794836749 1.3662456256501816 11
1652794868294 1.5246123916962568 12
1652794901238 1.4296314086232866 13
1652794933436 1.3511142316071882 14
1652794965914 1.2932861542356187 15
1652794998195 1.285542633222497 16
1652795046388 1.2072889666626418 17
1652795078492 1.1916462874067002 18
1652795110548 1.1553734834643379 19
