1652794433495 2.8970751834767206 0
1652794465865 0.5723761658089749 1
1652794515828 0.43383402280185535 2
1652794548703 0.3360893739373896 3
1652794581809 0.4023736000627927 4
1652794629289 0.3290926292538643 5
1652794661960 0.27622594414413837 6
1652794694203 0.2970052948693974 7
1652794742347 0.20678560641439012 8
1652794774712 0.220718521720675 9
1652794804500 0.17959757561980308 10
1652794836749 0.2224238433614921 11
1652794868294 0.21339181445278776 12
1652794901238 0.1751430765526103 13
1652794933436 0.15674193592850064 14
1652794965914 0.1749256866413803 15
1652794998195 0.13515556069171947 16
1652795046388 0.13574468806062057 17
1652795078492 0.11826416975109959 18
1652795110548 0.11617129033623749 19
