1652794433495 0.9574853751276221 0
1652794465865 0.3304528152111216 1
1652794515828 0.18090274831469078 2
1652794548703 0.11303666859622234 3
1652794581809 0.07817105060119343 4
1652794629289 0.056690874502764665 5
1652794661960 0.04365891957169642 6
1652794694203 0.03260687696814969 7
1652794742347 0.024471092894943296 8
1652794774712 0.020930713775348577 9
1652794804500 0.015835952315041247 10
1652794836749 0.014723076724776012 11
1652794868294 0.011893503203549805 12
1652794901238 0.010099795726793153 13
1652794933436 0.00924189307767412 14
1652794965914 0.007925885415676496 15
1652794998195 0.007403682161500488 16
1652795046388 0.006454769899879677 17
1652795078492 0.006079197888249072 18
1652795110548 0.006132161696913881 19
