1653206860367 0.26155787872372543 0
1653208975885 0.07828580237209637 1
1653213175519 0.054939752806787985 2
1653215297247 0.042831827572981665 3
1653217416515 0.035684117607616514 4
1653221584253 0.028420871192691245 5
1653223673228 0.023541535688072643 6
1653225739822 0.020693868281031372 7
1653229821228 0.01723085029640414 8
1653231900208 0.014560137063085926 9
1653233987937 0.013435411235959267 10
1653236083634 0.012057922370636916 11
1653238175883 0.01000345710317478 12
1653240272401 0.010132862638793979 13
1653244390726 0.008443060270846129 14
1653246481805 0.006768888154268809 15
1653248575538 0.006484883565198681 16
1653252665374 0.0055136202261929345 17
1653254755060 0.005829228559034294 18
1653256838689 0.005889115244090226 19
1653260943229 0.005606021413335719 20
1653263040584 0.005627833444025743 21
1653265135984 0.005047128243158667 22
1653269222887 0.004971254377944438 23
1653271304314 0.00531571233824665 24
1653273389547 0.005177375933523013 25
1653277480305 0.005029692989890136 26
1653279565360 0.004612091813399369 27
1653281651001 0.004624687962663976 28
