1653206860367 3.887937337225572 0
1653208975885 1.5822426401201986 1
1653213175519 1.4728722214820986 2
1653215297247 1.4387827496138301 3
1653217416515 1.5202313192087276 4
1653221584253 1.6398819541491252 5
1653223673228 1.785295213201134 6
1653225739822 1.9025897974149484 7
1653229821228 2.0806128567632634 8
1653231900208 2.2021709937514453 9
1653233987937 2.35062158538929 10
1653236083634 2.50074107322556 11
1653238175883 2.649118044796085 12
1653240272401 2.7827097489624704 13
1653244390726 2.9026512746179693 14
1653246481805 2.992412616749567 15
1653248575538 2.958733333819221 16
1653252665374 2.967254106280534 17
1653254755060 2.9675959496031608 18
1653256838689 2.969244903615852 19
1653260943229 2.975045195190043 20
1653263040584 2.990135060237885 21
1653265135984 3.001623259018029 22
1653269222887 3.0281782171914404 23
1653271304314 3.0340959671772945 24
1653273389547 3.05390234568891 25
1653277480305 3.0607752812905478 26
1653279565360 3.0795557979330135 27
1653281651001 3.0976623380702626 28
