1653206860367 11.266718864440918 0
1653208975885 10.02797794342041 1
1653213175519 9.405155181884766 2
1653215297247 8.7339506149292 3
1653217416515 8.069165229797363 4
1653221584253 7.424724578857422 5
1653223673228 6.899920463562012 6
1653225739822 6.4616193771362305 7
1653229821228 6.0753655433654785 8
1653231900208 5.737041473388672 9
1653233987937 5.444528579711914 10
1653236083634 5.181787014007568 11
1653238175883 4.93825626373291 12
1653240272401 4.730648517608643 13
1653244390726 4.53111457824707 14
1653246481805 4.036910057067871 15
1653248575538 3.961099624633789 16
1653252665374 3.925739049911499 17
1653254755060 3.9090659618377686 18
1653256838689 3.8920857906341553 19
1653260943229 3.883517265319824 20
1653263040584 3.8676557540893555 21
1653265135984 3.84922456741333 22
1653269222887 3.8383748531341553 23
1653271304314 3.8257875442504883 24
1653273389547 3.811645746231079 25
1653277480305 3.7940309047698975 26
1653279565360 3.7743165493011475 27
1653281651001 3.7575695514678955 28
