1653206860367 4.793022730511442 0
1653208975885 2.602757696596381 1
1653213175519 2.690076107038972 2
1653215297247 2.7994649846656094 3
1653217416515 2.9969359891518335 4
1653221584253 3.2457440637847412 5
1653223673228 3.521078095547135 6
1653225739822 3.7281970161580174 7
1653229821228 4.058095907707622 8
1653231900208 4.278794498530187 9
1653233987937 4.526012212260609 10
1653236083634 4.767522070480497 11
1653238175883 5.022024808987303 12
1653240272401 5.223527961636832 13
1653244390726 5.418376202184611 14
1653246481805 5.621298697005605 15
1653248575538 5.606475210252671 16
1653252665374 5.66163683803583 17
1653254755060 5.664702893281165 18
1653256838689 5.681138971568411 19
1653260943229 5.6896363250471556 20
1653263040584 5.719254576596042 21
1653265135984 5.7502032636915335 22
1653269222887 5.801268793754896 23
1653271304314 5.809725628396326 24
1653273389547 5.843208695281946 25
1653277480305 5.867725307027772 26
1653279565360 5.898000069533178 27
1653281651001 5.931098387345752 28
