1653206860367 7.108681771046142 0
1653208975885 3.195130007702359 1
1653213175519 3.090058641039901 2
1653215297247 3.062107893781373 3
1653217416515 3.101737433705991 4
1653221584253 3.1776078195972697 5
1653223673228 3.29752803742711 6
1653225739822 3.391352446999687 7
1653229821228 3.572093487379404 8
1653231900208 3.690057205270579 9
1653233987937 3.8344125160100537 10
1653236083634 3.975105275867554 11
1653238175883 4.123655170464138 12
1653240272401 4.25007187515423 13
1653244390726 4.360645105451594 14
1653246481805 4.4795868178554885 15
1653248575538 4.467702053622607 16
1653252665374 4.499131007158205 17
1653254755060 4.504131664361043 18
1653256838689 4.516539837368483 19
1653260943229 4.522199853549923 20
1653263040584 4.539775768299021 21
1653265135984 4.55832635251368 22
1653269222887 4.594662280535869 23
1653271304314 4.602902801795487 24
1653273389547 4.624711407035663 25
1653277480305 4.637665424152809 26
1653279565360 4.660347944612401 27
1653281651001 4.679488125020579 28
