1653206860367 2e-05 0
1653208975885 4.000000000000001e-06 1
1653213175519 8.000000000000001e-06 2
1653215297247 1.2e-05 3
1653217416515 1.6000000000000003e-05 4
1653221584253 2e-05 5
1653223673228 2e-05 6
1653225739822 2e-05 7
1653229821228 2e-05 8
1653231900208 2e-05 9
1653233987937 2e-05 10
1653236083634 2e-05 11
1653238175883 2e-05 12
1653240272401 2e-05 13
1653244390726 2e-05 14
1653246481805 2.0000000000000003e-06 15
1653248575538 2.0000000000000003e-06 16
1653252665374 2.0000000000000003e-06 17
1653254755060 2.0000000000000003e-06 18
1653256838689 2.0000000000000003e-06 19
1653260943229 2.0000000000000003e-06 20
1653263040584 2.0000000000000003e-06 21
1653265135984 2.0000000000000003e-06 22
1653269222887 2.0000000000000003e-06 23
1653271304314 2.0000000000000003e-06 24
1653273389547 2.0000000000000003e-06 25
1653277480305 2.0000000000000003e-06 26
1653279565360 2.0000000000000003e-06 27
1653281651001 2.0000000000000003e-06 28
