1653206860367 0.5646320845572277 0
1653208975885 0.199382520463388 1
1653213175519 0.10921831856236455 2
1653215297247 0.06891428979164771 3
1653217416515 0.0466262680327407 4
1653221584253 0.03273339006867871 5
1653223673228 0.023677638861295543 6
1653225739822 0.01748106336598511 7
1653229821228 0.01346196041364446 8
1653231900208 0.010545636104162892 9
1653233987937 0.008611786564732828 10
1653236083634 0.007290935821280998 11
1653238175883 0.006431531468970323 12
1653240272401 0.005852100597090363 13
1653244390726 0.005466383699666469 14
1653246481805 0.00498197979405866 15
1653248575538 0.004307669973762392 16
1653252665374 0.003996446360143089 17
1653254755060 0.0037554010795783983 18
1653256838689 0.0035892847740128485 19
1653260943229 0.0034672561297862782 20
1653263040584 0.003401942893750622 21
1653265135984 0.003355818778654346 22
1653269222887 0.00336003992744382 23
1653271304314 0.0033301028207125575 24
1653273389547 0.003339703351051665 25
1653277480305 0.003335032057744526 26
1653279565360 0.003352476184676145 27
1653281651001 0.003379918615082665 28
