1653206860367 0.7695089127768483 0
1653208975885 0.3415845608394748 1
1653213175519 0.2890312370679111 2
1653215297247 0.2539930659392717 3
1653217416515 0.23198266180926624 4
1653221584253 0.2048103608851821 5
1653223673228 0.18392559604472233 6
1653225739822 0.16912225415883617 7
1653229821228 0.15502742046218954 8
1653231900208 0.14269407500724557 9
1653233987937 0.13617010444636046 10
1653236083634 0.12871025550694634 11
1653238175883 0.12040378111962205 12
1653240272401 0.11770644398024603 13
1653244390726 0.11123942972035125 14
1653246481805 0.10202838732396231 15
1653248575538 0.10011447264941108 16
1653252665374 0.0964812111181635 17
1653254755060 0.09588273627439532 18
1653256838689 0.09576318240650487 19
1653260943229 0.09557899407547195 20
1653263040584 0.09465045593813048 21
1653265135984 0.09328365579843499 22
1653269222887 0.09217529419602308 23
1653271304314 0.09331377773361514 24
1653273389547 0.09209624634122143 25
1653277480305 0.09208537980019084 26
1653279565360 0.09053295066225658 27
1653281651001 0.0900707398767341 28
