1653206860367 9.6710201769801 0
1653208975885 9.40872571059526 1
1653213175519 8.951965649317536 2
1653215297247 8.368211915053461 3
1653217416515 7.75487269802208 4
1653221584253 7.158760032501589 5
1653223673228 6.668775206325902 6
1653225739822 6.254322252639498 7
1653229821228 5.889645783020368 8
1653231900208 5.569241444246541 9
1653233987937 5.286311482681434 10
1653236083634 5.0337279149154925 11
1653238175883 4.801417764701826 12
1653240272401 4.596956919307572 13
1653244390726 4.405965457602884 14
1653246481805 3.9231309446483427 15
1653248575538 3.850192669178913 16
1653252665374 3.819747744611501 17
1653254755060 3.8035984635702267 18
1653256838689 3.7868441971652884 19
1653260943229 3.778865070534339 20
1653263040584 3.763975431881043 21
1653265135984 3.7475380832409857 22
1653269222887 3.737868270809086 23
1653271304314 3.7238278711744623 24
1653273389547 3.7110323465521575 25
1653277480305 3.6935808863886317 26
1653279565360 3.675819142389514 27
1653281651001 3.659494455989414 28
