1653035539396 1.2699080944459051 0
1653035709167 0.4018225279432058 1
1653035937063 0.2879523264523404 2
1653036107623 0.23095133966045336 3
1653036276941 0.1841032418596725 4
1653036505636 0.15641857149438967 5
1653036674731 0.13329353275683994 6
1653036844801 0.11389530528811509 7
1653037072616 0.10062808017196226 8
1653037242177 0.09197686660068599 9
1653037412527 0.08047413294852827 10
1653037640455 0.07346711375246692 11
1653037810789 0.06319431225259815 12
1653037980337 0.05820277375806753 13
1653038208009 0.04719809138744782 14
1653038377530 0.051581443381347326 15
1653038547230 0.044085679033472575 16
1653038774445 0.036717781314734785 17
1653038944731 0.03688114929751964 18
1653039114768 0.03378617042249276 19
1653039343097 0.03606771753181309 20
1653039512926 0.028592861935121207 21
1653039683018 0.026776828712254744 22
1653039911954 0.026136215984481216 23
