1653035539396 12.097152709960938 0
1653035709167 8.831948280334473 1
1653035937063 8.303350448608398 2
1653036107623 7.988735198974609 3
1653036276941 7.67413330078125 4
1653036505636 7.348787307739258 5
1653036674731 7.026700496673584 6
1653036844801 6.7399373054504395 7
1653037072616 6.45711088180542 8
1653037242177 6.1940155029296875 9
1653037412527 5.919819355010986 10
1653037640455 5.697983264923096 11
1653037810789 5.480456829071045 12
1653037980337 5.268044948577881 13
1653038208009 5.054028511047363 14
1653038377530 4.89158296585083 15
1653038547230 4.71731424331665 16
1653038774445 4.5342631340026855 17
1653038944731 4.3905510902404785 18
1653039114768 4.261591911315918 19
1653039343097 4.144143581390381 20
1653039512926 3.9760987758636475 21
1653039683018 3.8557076454162598 22
1653039911954 3.737102746963501 23
