1653035539396 12.381086649101618 0
1653035709167 3.3846172730780726 1
1653035937063 1.9530543766961694 2
1653036107623 1.837654058203805 3
1653036276941 1.9144358794057639 4
1653036505636 1.9803402820407 5
1653036674731 2.068959409940904 6
1653036844801 2.1366900384303724 7
1653037072616 2.2037450559819747 8
1653037242177 2.2466692660133942 9
1653037412527 2.3238303627076826 10
1653037640455 2.4131968241697463 11
1653037810789 2.5459508205586148 12
1653037980337 2.5846336952714704 13
1653038208009 2.732613008859466 14
1653038377530 2.7016191641652854 15
1653038547230 2.8259355595082414 16
1653038774445 2.9793808386649614 17
1653038944731 2.964462251389051 18
1653039114768 3.033691386177799 19
1653039343097 3.0639184559150396 20
1653039512926 3.1338137669729744 21
1653039683018 3.2425017077820013 22
1653039911954 3.3185849581410998 23
