1653035539396 12.193180591418757 0
1653035709167 3.071133093667471 1
1653035937063 1.6426090075494817 2
1653036107623 1.4391512065452716 3
1653036276941 1.4019683668011267 4
1653036505636 1.3736090231725078 5
1653036674731 1.372174279645728 6
1653036844801 1.3589580223056081 7
1653037072616 1.3468186723133377 8
1653037242177 1.3349182784434952 9
1653037412527 1.3305004502223992 10
1653037640455 1.3641192259484982 11
1653037810789 1.4110069083971655 12
1653037980337 1.4092448235047672 13
1653038208009 1.4506512163111316 14
1653038377530 1.4341724934763977 15
1653038547230 1.483654115670993 16
1653038774445 1.5355702790703794 17
1653038944731 1.5204005828873088 18
1653039114768 1.5452590399943829 19
1653039343097 1.5594883572149572 20
1653039512926 1.5715501061210397 21
1653039683018 1.6263246061375989 22
1653039911954 1.6527359140482283 23
