1653035539396 14.840565702998418 0
1653035709167 6.459007241642696 1
1653035937063 4.908704050757312 2
1653036107623 4.622115997807936 3
1653036276941 4.4812418959224 4
1653036505636 4.360843895397147 5
1653036674731 4.293874078707528 6
1653036844801 4.234239358431994 7
1653037072616 4.1998902248406065 8
1653037242177 4.160796038179182 9
1653037412527 4.148241643788144 10
1653037640455 4.159764237961975 11
1653037810789 4.18195998448366 12
1653037980337 4.153550127938053 13
1653038208009 4.191100572413732 14
1653038377530 4.167664561673112 15
1653038547230 4.205353163887934 16
1653038774445 4.249808483653599 17
1653038944731 4.219535147140158 18
1653039114768 4.255539232210946 19
1653039343097 4.237675451889665 20
1653039512926 4.262794968528669 21
1653039683018 4.293398460568344 22
1653039911954 4.3320620627863455 23
