1653035539396 2e-05 0
1653035709167 4.002837452921808e-06 1
1653035937063 8.007771993840307e-06 2
1653036107623 1.201171991420656e-05 3
1653036276941 1.601468164030113e-05 4
1653036505636 2.0016657355169863e-05 5
1653036674731 2.0037007970766196e-05 6
1653036844801 2.006104682557911e-05 7
1653037072616 2.0088767988380885e-05 8
1653037242177 2.0120164619389403e-05 9
1653037412527 2.0155228971955748e-05 10
1653037640455 2.0193952394475616e-05 11
1653037810789 2.0236325332523925e-05 12
1653037980337 2.0282337331212256e-05 13
1653038208009 2.0331977037768418e-05 14
1653038377530 2.03852322043376e-05 15
1653038547230 2.0442089691004324e-05 16
1653038774445 2.0502535469034525e-05 17
1653038944731 2.0566554624336952e-05 18
1653039114768 2.063413136114297e-05 19
1653039343097 2.0705249005903945e-05 20
1653039512926 2.077989001140519e-05 21
1653039683018 2.0858035961095473e-05 22
1653039911954 2.093966757363103e-05 23
