1653035539396 2.9726203352029317 0
1653035709167 0.8917472318457382 1
1653035937063 0.6340454033206865 2
1653036107623 0.5586483634595264 3
1653036276941 0.5193958125962613 4
1653036505636 0.48313095458846317 5
1653036674731 0.44689312135108444 6
1653036844801 0.42066339862741364 7
1653037072616 0.3968009390797489 8
1653037242177 0.3743755135205201 9
1653037412527 0.34504044342865436 10
1653037640455 0.33105225726250687 11
1653037810789 0.311527729186457 12
1653037980337 0.2971527827083701 13
1653038208009 0.2679622188316624 14
1653038377530 0.2702921436128094 15
1653038547230 0.2514508094608883 16
1653038774445 0.23698234684006483 17
1653038944731 0.2310553992870388 18
1653039114768 0.2211655474163198 19
1653039343097 0.22519921481250058 20
1653039512926 0.2029162462049181 21
1653039683018 0.1939246448313146 22
1653039911954 0.1926343588063348 23
