1653035539396 7.433871101794546 0
1653035709167 7.392550796453958 1
1653035937063 7.297323134890327 2
1653036107623 7.143205037596779 3
1653036276941 6.93037833814993 4
1653036505636 6.6789603262711355 5
1653036674731 6.423437104822429 6
1653036844801 6.187189644611837 7
1653037072616 5.9454512654878275 8
1653037242177 5.716157327687227 9
1653037412527 5.485120960329592 10
1653037640455 5.285876848369654 11
1653037810789 5.099442189723804 12
1653037980337 4.9075056312020555 13
1653038208009 4.73438640345783 14
1653038377530 4.565970921663288 15
1653038547230 4.418537663334191 16
1653038774445 4.257688710718979 17
1653038944731 4.120099466194607 18
1653039114768 4.00434887972211 19
1653039343097 3.8808098304443046 20
1653039512926 3.7427021012903485 21
1653039683018 3.6331970569289442 22
1653039911954 3.516613479512428 23
