1653035539396 0.42075225661912247 0
1653035709167 0.14582769448239763 1
1653035937063 0.08402936779788754 2
1653036107623 0.05592972958160208 3
1653036276941 0.04025523197175973 4
1653036505636 0.03027754226910788 5
1653036674731 0.023076093448966634 6
1653036844801 0.018188837968308797 7
1653037072616 0.014230390488804994 8
1653037242177 0.011505601606599497 9
1653037412527 0.009183240367517494 10
1653037640455 0.007586609630977441 11
1653037810789 0.006293012669025031 12
1653037980337 0.005184016164891361 13
1653038208009 0.004481654036914437 14
1653038377530 0.003738473978556226 15
1653038547230 0.0032400754727126163 16
1653038774445 0.0028739462932619677 17
1653038944731 0.0025148211915745904 18
1653039114768 0.0022915018893571787 19
1653039343097 0.002066291951755104 20
1653039512926 0.0018874151569798787 21
1653039683018 0.001809138553078407 22
1653039911954 0.0017184004165113616 23
