1652814976619 0.1244601314284086 0
1652816992519 0.09545727176839423 1
1652821104816 0.10024115106778965 2
1652823106706 0.11584274243447922 3
1652825088622 0.13768145466803483 4
1652829122017 0.12623066586042755 5
1652831091748 0.11563273723128496 6
1652833053368 0.10823285916979203 7
1652837112951 0.10075030658645835 8
1652839075066 0.09708041019148939 9
1652841037360 0.09348542961680736 10
1652843005090 0.08820961580197678 11
1652844961505 0.08625828837953921 12
1652846918869 0.08377481827414132 13
1652850932284 0.07878608991610382 14
1652852896397 0.07732736900924748 15
1652854866623 0.07565183619382956 16
1652858898074 0.0728256743473081 17
1652860875507 0.07183012923199938 18
1652862855050 0.06997898571575442 19
1652866909036 0.06854074007544562 20
1652868876264 0.06750007011996621 21
1652870836575 0.06475677509683796 22
1652874848902 0.06367719874058636 23
