1652814976619 9.970019340515137 0
1652816992519 8.508909225463867 1
1652821104816 7.951292514801025 2
1652823106706 7.8139472007751465 3
1652825088622 7.807886123657227 4
1652829122017 7.439444541931152 5
1652831091748 7.119016170501709 6
1652833053368 6.851131439208984 7
1652837112951 6.635366916656494 8
1652839075066 6.449075222015381 9
1652841037360 6.280428886413574 10
1652843005090 6.126891613006592 11
1652844961505 5.98591947555542 12
1652846918869 5.855424404144287 13
1652850932284 5.716095924377441 14
1652852896397 5.618692874908447 15
1652854866623 5.511332035064697 16
1652858898074 5.431131362915039 17
1652860875507 5.334042549133301 18
1652862855050 5.23625373840332 19
1652866909036 5.172995090484619 20
1652868876264 5.093130111694336 21
1652870836575 5.006237030029297 22
1652874848902 4.955912113189697 23
