1652814976619 1.4417412595163066 0
1652816992519 1.3306714518909173 1
1652821104816 1.6287719467091586 2
1652823106706 1.8292468771576305 3
1652825088622 1.8725820551820722 4
1652829122017 1.9929634278716795 5
1652831091748 2.117329443066736 6
1652833053368 2.268139001302853 7
1652837112951 2.4000359963037066 8
1652839075066 2.515926144433451 9
1652841037360 2.6358225097557098 10
1652843005090 2.737390489660653 11
1652844961505 2.834675281105086 12
1652846918869 2.929788884140419 13
1652850932284 3.0583026444061834 14
1652852896397 3.1563386573922774 15
1652854866623 3.197898754964604 16
1652858898074 3.316834322597524 17
1652860875507 3.4101477052010356 18
1652862855050 3.4995814969683505 19
1652866909036 3.5591984494815794 20
1652868876264 3.65850583245594 21
1652870836575 3.757359072131806 22
1652874848902 3.7963780042000614 23
