1652814976619 2.2593723133343837 0
1652816992519 2.1889865025016046 1
1652821104816 2.4775201643101554 2
1652823106706 2.6153621488895995 3
1652825088622 2.566078623036965 4
1652829122017 2.747881633206506 5
1652831091748 2.9324330883760794 6
1652833053368 3.1415689560008033 7
1652837112951 3.326085533085392 8
1652839075066 3.477017243656656 9
1652841037360 3.6335341644105563 10
1652843005090 3.775357915982211 11
1652844961505 3.8967683960557613 12
1652846918869 4.0255795516317 13
1652850932284 4.200978388669707 14
1652852896397 4.3225543024180695 15
1652854866623 4.376244600467257 16
1652858898074 4.533264086374988 17
1652860875507 4.654706590379549 18
1652862855050 4.7630602660134445 19
1652866909036 4.840260032260552 20
1652868876264 4.966361648953664 21
1652870836575 5.10234124972262 22
1652874848902 5.151586956921285 23
