1652814976619 2.3484805899703987 0
1652816992519 1.8801086143931318 1
1652821104816 2.0540961137993095 2
1652823106706 2.138337889009521 3
1652825088622 2.1329596122932184 4
1652829122017 2.2443264628036217 5
1652831091748 2.366318378573492 6
1652833053368 2.5062033320702373 7
1652837112951 2.6214398686298255 8
1652839075066 2.7186976359274224 9
1652841037360 2.823034103521754 10
1652843005090 2.907312121388503 11
1652844961505 2.981828057039671 12
1652846918869 3.0608115180866458 13
1652850932284 3.181073429434728 14
1652852896397 3.25890900083579 15
1652854866623 3.2950354021197534 16
1652858898074 3.3964932326622432 17
1652860875507 3.4833252263753542 18
1652862855050 3.552833260746818 19
1652866909036 3.6065583435049655 20
1652868876264 3.693284126619134 21
1652870836575 3.7827320641070616 22
1652874848902 3.8139841367671563 23
