1652814976619 0.0003 0
1652816992519 5.9999383162408295e-05 1
1652821104816 0.00011998704667693283 2
1652823106706 0.00017995990555666176 3
1652825088622 0.0002399179555394937 4
1652829122017 0.0002998611887069178 5
1652831091748 0.000299691600243615 6
1652833053368 0.0002994912764535074 7
1652837112951 0.0002992602667634926 8
1652839075066 0.000298998628171755 9
1652841037360 0.0002987064252337021 10
1652843005090 0.00029838373004603653 11
1652844961505 0.0002980306222289673 12
1652846918869 0.00029764718890656455 13
1652850932284 0.0002972335246852632 14
1652852896397 0.00029678973163052005 15
1652854866623 0.0002963159192416307 16
1652858898074 0.00029581220442471235 17
1652860875507 0.0002952787114638588 18
1652862855050 0.0002947155719904753 19
1652866909036 0.0002941229249508005 20
1652868876264 0.00029350091657162343 21
1652870836575 0.0002928497003242044 22
1652874848902 0.00029216943688640813 23
