1652814976619 0.35069847019160977 0
1652816992519 0.13267956453855975 1
1652821104816 0.07355974828301734 2
1652823106706 0.04717285816130434 3
1652825088622 0.03236903661803305 4
1652829122017 0.02317028057538922 5
1652831091748 0.01720398259985803 6
1652833053368 0.013227179218322997 7
1652837112951 0.010556589087193428 8
1652839075066 0.008679764411567786 9
1652841037360 0.00744267464728598 10
1652843005090 0.0065439419354288665 11
1652844961505 0.005948278671025512 12
1652846918869 0.00555564272816832 13
1652850932284 0.005429752713310981 14
1652852896397 0.0053156166226146365 15
1652854866623 0.005174359323504077 16
1652858898074 0.005275660189341669 17
1652860875507 0.0053771602573101296 18
1652862855050 0.00549774249133397 19
1652866909036 0.005577836235948884 20
1652868876264 0.005786364041634317 21
1652870836575 0.0060105963279669765 22
1652874848902 0.006074283804991598 23
