1652814976619 0.4338417802241462 0
1652816992519 0.37596682355434063 1
1652821104816 0.37355204365780936 2
1652823106706 0.3901597543511732 3
1652825088622 0.4155934458980488 4
1652829122017 0.3939287780737634 5
1652831091748 0.37190352145672767 6
1652833053368 0.35429391294038476 7
1652837112951 0.3370734090881576 8
1652839075066 0.3253795771220504 9
1652841037360 0.3145130659854913 10
1652843005090 0.30336586057488146 11
1652844961505 0.29442068281407857 12
1652846918869 0.2852990097444273 13
1652850932284 0.273612882379246 14
1652852896397 0.2672646890927068 15
1652854866623 0.2630925085640108 16
1652858898074 0.2558322147146927 17
1652860875507 0.24893573495000404 18
1652862855050 0.2417697376031148 19
1652866909036 0.23757750365863567 20
1652868876264 0.23195909300249296 21
1652870836575 0.22400480872576506 22
1652874848902 0.22164218050741452 23
