1652814976619 9.0610195692819 0
1652816992519 7.904805587629463 1
1652821104816 7.403940051169989 2
1652823106706 7.260771863071962 3
1652825088622 7.222242032928232 4
1652829122017 6.896115140940054 5
1652831091748 6.614275471537031 6
1652833053368 6.375377644047656 7
1652837112951 6.186986971554356 8
1652839075066 6.017935500485008 9
1652841037360 5.864987907236501 10
1652843005090 5.728772324815995 11
1652844961505 5.599292163427768 12
1652846918869 5.480795544976806 13
1652850932284 5.358267348094397 14
1652852896397 5.268785680906196 15
1652854866623 5.167412835373541 16
1652858898074 5.097198013331922 17
1652860875507 5.007899404165685 18
1652862855050 4.919007360306691 19
1652866909036 4.861298733617118 20
1652868876264 4.787883940404986 21
1652870836575 4.711464976807048 22
1652874848902 4.664518794773927 23
