1652703768026 3.3386693788426265 0
1652703793255 2.3135283014604022 1
1652703834786 1.7559504841587372 2
1652703861629 1.123264689530645 3
1652703886809 0.8516816518136433 4
1652703928490 0.5852180684783629 5
1652703953211 0.529965807816812 6
1652703977907 0.4199123631364533 7
1652704018681 0.3487203275518758 8
1652704042599 0.3328170141238453 9
1652704067134 0.2931577492438789 10
1652704122037 0.24472315611118184 11
1652704162268 0.22684414684772491 12
1652704202308 0.21985319849442353 13
1652704273417 0.22195886431394943 14
1652704313679 0.16621556434048607 15
1652704361781 0.18537429565497274 16
1652704447130 0.16876436156703026 17
