1652703768026 16.68459701538086 0
1652703793255 13.271085739135742 1
1652703834786 11.018452644348145 2
1652703861629 8.959844589233398 3
1652703886809 7.917440891265869 4
1652703928490 7.100510120391846 5
1652703953211 6.754662036895752 6
1652703977907 6.226425647735596 7
1652704018681 5.9906511306762695 8
1652704042599 5.813192367553711 9
1652704067134 5.624248027801514 10
1652704122037 5.428221225738525 11
1652704162268 5.3106794357299805 12
1652704202308 5.2353715896606445 13
1652704273417 5.168425559997559 14
1652704313679 4.962401390075684 15
1652704361781 4.944356918334961 16
1652704447130 4.860152244567871 17
