1652703768026 23.195892674582346 0
1652703793255 20.178792306355067 1
1652703834786 17.426806909697397 2
1652703861629 14.853216222354344 3
1652703886809 12.38104099886758 4
1652703928490 10.3784658738545 5
1652703953211 8.481626774583544 6
1652703977907 7.108042597770691 7
1652704018681 6.133357618536268 8
1652704042599 5.421984527792249 9
1652704067134 4.849373527935573 10
1652704122037 4.563253385680063 11
1652704162268 4.254004109989513 12
1652704202308 4.032583973624489 13
1652704273417 3.8234252503940036 14
1652704313679 3.8500988483428955 15
1652704361781 3.740136491400855 16
1652704447130 3.622532933950424 17
