1652703768026 24.732417924063547 0
1652703793255 20.543968405042374 1
1652703834786 17.033828360693796 2
1652703861629 13.673581940787178 3
1652703886809 11.085794482912336 4
1652703928490 9.011540370328087 5
1652703953211 7.326134332588741 6
1652703977907 5.99015337228775 7
1652704018681 5.110400480883462 8
1652704042599 4.453742627586637 9
1652704067134 3.9074240752628873 10
1652704122037 3.603784680366516 11
1652704162268 3.3282819791273637 12
1652704202308 3.122718910737471 13
1652704273417 2.9350078403949738 14
1652704313679 2.8086194481168474 15
1652704361781 2.753144417490278 16
1652704447130 2.6242541883672987 17
