1652703768026 28.198231390544347 0
1652703793255 24.346293245043075 1
1652703834786 21.06626227923802 2
1652703861629 18.7784868649074 3
1652703886809 16.51074274948665 4
1652703928490 14.500428472246442 5
1652703953211 12.712138141904559 6
1652703977907 11.454955816268921 7
1652704018681 10.46657041140965 8
1652704042599 9.661614639418465 9
1652704067134 8.981656227793012 10
1652704122037 8.62625081198556 11
1652704162268 8.364991534839977 12
1652704202308 8.132841855829412 13
1652704273417 7.896307562078748 14
1652704313679 7.792403697967529 15
1652704361781 7.708101187433515 16
1652704447130 7.580229503767831 17
