1652703768026 7.601075078759875 0
1652703793255 5.6719211382525305 1
1652703834786 4.133055678435734 2
1652703861629 2.8022563542638506 3
1652703886809 2.1129539566380635 4
1652703928490 1.63536265705313 5
1652703953211 1.4037870956318719 6
1652703977907 1.0427690345261778 7
1652704018681 0.9394874570092985 8
1652704042599 0.8272350366626467 9
1652704067134 0.73639416189066 10
1652704122037 0.6507418054555144 11
1652704162268 0.6068592775951732 12
1652704202308 0.5913933632048693 13
1652704273417 0.5754156384084906 14
1652704313679 0.4934292534100158 15
1652704361781 0.5106838600976127 16
1652704447130 0.49721776055438177 17
