1652703768026 4.96875547511237 0
1652703793255 4.96070168699537 1
1652703834786 4.944330079214914 2
1652703861629 4.915581251893725 3
1652703886809 4.874055632523128 4
1652703928490 4.825470839227949 5
1652703953211 4.781784926142011 6
1652703977907 4.735121684415 7
1652704018681 4.680752175194876 8
1652704042599 4.636199125221798 9
1652704067134 4.581296341759818 10
1652704122037 4.522116482257843 11
1652704162268 4.468141391060569 12
1652704202308 4.416952800750733 13
1652704273417 4.365069781030927 14
1652704313679 4.297601171902248 15
1652704361781 4.243800393172672 16
1652704447130 4.190247186592647 17
