1652703768026 0.776096547288554 0
1652703793255 0.3249353246231164 1
1652703834786 0.1851149033755064 2
1652703861629 0.11874136947361487 3
1652703886809 0.07874970444078956 4
1652703928490 0.05445783019864133 5
1652703953211 0.03912388097627887 6
1652703977907 0.028622255377870585 7
1652704018681 0.02169072044281555 8
1652704042599 0.016941059206146747 9
1652704067134 0.013400054245721549 10
1652704122037 0.010639635995695633 11
1652704162268 0.008834635974331335 12
1652704202308 0.00717218169434504 13
1652704273417 0.005981410674784067 14
1652704313679 0.005155567753328276 15
1652704361781 0.004497586807701737 16
1652704447130 0.0039227720408234745 17
