1652699559350 1.7399442240043923 0
1652699578508 0.5602223232940391 1
1652699613060 0.550947402204786 2
1652699633034 0.5563751952401523 3
1652699652132 0.8600385061332158 4
1652699686191 0.6834073300872531 5
1652699706002 0.6789904257346844 6
1652699725902 0.5743622512652956 7
1652699759937 0.6044636903137997 8
1652699779426 0.5663101981426107 9
1652699798138 0.5669440265212741 10
1652699831397 0.5574913110051837 11
1652699849783 0.5623947552272252 12
1652699868509 0.5874608031341008 13
1652699902354 0.6522362149994949 14
1652699921260 0.6265260474435215 15
1652699940271 0.6699243167351032 16
1652699989465 0.5988264844335359 17
