1652699559350 4.049785651542522 0
1652699578508 0.13374077997825765 1
1652699613060 0.09683203404503209 2
1652699633034 0.07513811413584084 3
1652699652132 0.44325318027819904 4
1652699686191 0.2136836429791791 5
1652699706002 0.20576180851665035 6
1652699725902 0.09128083507048673 7
1652699759937 0.12160620658562102 8
1652699779426 0.07751004629094026 9
1652699798138 0.08086280218724694 10
1652699831397 0.06695726354207311 11
1652699849783 0.0741140918274011 12
1652699868509 0.1024229491927794 13
1652699902354 0.1773576229039965 14
1652699921260 0.14727701991796494 15
1652699940271 0.1961263613454227 16
1652699989465 0.1131235399636729 17
