1652699559350 10.16183853149414 0
1652699578508 5.974627494812012 1
1652699613060 5.931703090667725 2
1652699633034 6.023801803588867 3
1652699652132 16.09066390991211 4
1652699686191 9.407434463500977 5
1652699706002 7.851491928100586 6
1652699725902 5.95269775390625 7
1652699759937 5.920166015625 8
1652699779426 5.581620693206787 9
1652699798138 5.5856523513793945 10
1652699831397 5.514481067657471 11
1652699849783 5.507857799530029 12
1652699868509 5.494174480438232 13
1652699902354 5.89594841003418 14
1652699921260 5.684185028076172 15
1652699940271 5.834519386291504 16
1652699989465 5.559622764587402 17
