1652699559350 2.9164650545076087 0
1652699578508 0.07351847931190773 1
1652699613060 0.04588465365980353 2
1652699633034 0.01876293567904903 3
1652699652132 0.08321470165145683 4
1652699686191 0.03027632291088724 5
1652699706002 0.02677139240099364 6
1652699725902 0.01691860374730509 7
1652699759937 0.017142533199179962 8
1652699779426 0.011199868306181903 9
1652699798138 0.013918784119831733 10
1652699831397 0.009465971137054956 11
1652699849783 0.01171935200777138 12
1652699868509 0.01496216447563776 13
1652699902354 0.025121416958999644 14
1652699921260 0.020750988586636092 15
1652699940271 0.026202053944330304 16
1652699989465 0.014297069343871859 17
