1652699559350 10.98576741748386 0
1652699578508 5.5970251471908 1
1652699613060 5.081785483019693 2
1652699633034 15.333323034746893 3
1652699652132 103.66553970745632 4
1652699686191 66.30178356170654 5
1652699706002 59.79320986517544 6
1652699725902 29.013344863365436 7
1652699759937 36.978298713421 8
1652699779426 24.100170398580616 9
1652699798138 22.859221526554652 10
1652699831397 22.08770935876029 11
1652699849783 22.92550584248134 12
1652699868509 32.55355855396816 13
1652699902354 55.01211455772663 14
1652699921260 45.16069649005758 15
1652699940271 59.33182933412749 16
1652699989465 32.60553866419299 17
