1652699559350 3.3099889909779585 0
1652699578508 0.644930362701416 1
1652699613060 0.6070934044463294 2
1652699633034 0.5612609694743979 3
1652699652132 0.5321366148335593 4
1652699686191 0.5344474762678146 5
1652699706002 0.528343545979467 6
1652699725902 0.5178917687514732 7
1652699759937 0.5103186964988708 8
1652699779426 0.509776746404582 9
1652699798138 0.5085343654666629 10
1652699831397 0.5086231721299035 11
1652699849783 0.508095017501286 12
1652699868509 0.5076952299901417 13
1652699902354 0.5095081370452355 14
1652699921260 0.5081057712949556 15
1652699940271 0.5084394031557543 16
1652699989465 0.5074227411171486 17
