1652699559350 4.610764026641846 0
1652699578508 4.562134159935845 1
1652699613060 4.651107481547764 2
1652699633034 4.707794255223767 3
1652699652132 4.630583371434893 4
1652699686191 4.678965074675424 5
1652699706002 4.751209374131827 6
1652699725902 4.500748091730578 7
1652699759937 4.507681304010852 8
1652699779426 4.39750074518138 9
1652699798138 4.444939306804112 10
1652699831397 4.403140255383083 11
1652699849783 4.406257016318185 12
1652699868509 4.274210282734463 13
1652699902354 4.311049124290204 14
1652699921260 4.429355818649818 15
1652699940271 4.289016452328912 16
1652699989465 4.3322045720856766 17
