1652699559350 0.5011407048613937 0
1652699578508 0.20734072421435956 1
1652699613060 0.12255486885883979 2
1652699633034 0.19837123656581188 3
1652699652132 10.067904588899442 4
1652699686191 3.5106135787708417 5
1652699706002 1.8929483130060394 6
1652699725902 0.35969586105182255 7
1652699759937 0.2977023319951419 8
1652699779426 0.1080329270455344 9
1652699798138 0.0652345654421619 10
1652699831397 0.045226134093744416 11
1652699849783 0.03111079228775842 12
1652699868509 0.12480817282838481 13
1652699902354 0.4231544803699543 14
1652699921260 0.12019738503571215 15
1652699940271 0.3671393336663986 16
1652699989465 0.12116916952975865 17
