1652628733072 2.446114706993103 0
1652628760325 1.2551068186759948 1
1652628787486 0.5920810943300073 2
1652628812558 0.5575031204657122 3
1652628838209 0.5158010396090421 4
1652628869565 0.5234919461337003 5
1652628894357 0.5208566080440175 6
1652628918220 0.5099354952573776 7
1652628947187 0.5245931565761566 8
1652628972350 0.5203469720753756 9
1652628996239 0.5167378187179565 10
1652629019962 0.5204139709472656 11
1652629043082 0.5316946089267731 12
1652629066052 0.5184776544570923 13
1652629095671 0.5234925638545643 14
1652629121374 0.5269564141829809 15
1652629146741 0.5212105462948481 16
1652629177270 0.5257140398025513 17
1652629202199 0.523543248573939 18
1652629227217 0.5275808225075403 19
1652629258016 0.5157653043667475 20
1652629282340 0.5220680399374529 21
1652629305932 0.520199716091156 22
1652629330606 0.5254589129577983 23
1652629354620 0.5259237831289117 24
1652629377843 0.5172167509794235 25
1652629407236 0.5150343179702759 26
1652629433515 0.5231407582759857 27
1652629459059 0.5208770930767059 28
1652629483532 0.5171372998844493 29
1652629507388 0.5154719217257067 30
1652629533135 0.5205020308494568 31
1652629564588 0.5230031311511993 32
1652629589608 0.5207608613100919 33
1652629613886 0.52270784703168 34
1652629645757 0.5191054418683052 35
