1652628733072 6.3700511932373045 0
1652628760325 2.5271950900554656 1
1652628787486 0.3494014563885602 2
1652628812558 0.12475240941752087 3
1652628838209 0.08552403036843646 4
1652628869565 0.06103593754497441 5
1652628894357 0.051262454468418255 6
1652628918220 0.048322795517742635 7
1652628947187 0.04997492083348334 8
1652628972350 0.050304260782220146 9
1652628996239 0.04124017728661949 10
1652629019962 0.04736956637352705 11
1652629043082 0.0335188340395689 12
1652629066052 0.04255626681260764 13
1652629095671 0.037558152552016756 14
1652629121374 0.031139003035301965 15
1652629146741 0.03185678706053826 16
1652629177270 0.027740207267925143 17
1652629202199 0.03329173615202308 18
1652629227217 0.027830300309384864 19
1652629258016 0.03757290328697612 20
1652629282340 0.03524709924716841 21
1652629305932 0.03998887784440409 22
1652629330606 0.040826952677558766 23
1652629354620 0.03313286390832879 24
1652629377843 0.04840018860995769 25
1652629407236 0.04899537132512251 26
1652629433515 0.039962608056763806 27
1652629459059 0.048447253027309976 28
1652629483532 0.038746495032000894 29
1652629507388 0.03856137716634707 30
1652629533135 0.045240065548568964 31
1652629564588 0.03955942648462951 32
1652629589608 0.03819701041687618 33
1652629613886 0.04846558876504952 34
1652629645757 0.042256439298701785 35
