1652628733072 11.586278915405273 0
1652628760325 7.803704738616943 1
1652628787486 4.455390453338623 2
1652628812558 4.116848945617676 3
1652628838209 3.9969801902770996 4
1652628869565 3.889988422393799 5
1652628894357 4.024208068847656 6
1652628918220 3.8180084228515625 7
1652628947187 3.765979766845703 8
1652628972350 3.8348548412323 9
1652628996239 3.6681041717529297 10
1652629019962 3.8171112537384033 11
1652629043082 3.818164825439453 12
1652629066052 3.787233829498291 13
1652629095671 3.6253767013549805 14
1652629121374 3.7661378383636475 15
1652629146741 3.456015110015869 16
1652629177270 3.5092153549194336 17
1652629202199 3.5657992362976074 18
1652629227217 3.5122828483581543 19
1652629258016 3.3571252822875977 20
1652629282340 3.4485111236572266 21
1652629305932 3.393730878829956 22
1652629330606 3.476839065551758 23
1652629354620 3.4297757148742676 24
1652629377843 3.389378309249878 25
1652629407236 3.3923707008361816 26
1652629433515 3.357435941696167 27
1652629459059 3.3263003826141357 28
1652629483532 3.3315131664276123 29
1652629507388 3.5345962047576904 30
1652629533135 3.274397611618042 31
1652629564588 3.3635711669921875 32
1652629589608 3.3176586627960205 33
1652629613886 3.4070775508880615 34
1652629645757 3.2275643348693848 35
