1652628733072 8.16056718826294 0
1652628760325 3.0817144870758058 1
1652628787486 0.4414550255645405 2
1652628812558 0.18225553022189575 3
1652628838209 0.101325047287074 4
1652628869565 0.08452788435600021 5
1652628894357 0.07211905785582283 6
1652628918220 0.05825826227664947 7
1652628947187 0.07456805892288684 8
1652628972350 0.07065120644190094 9
1652628996239 0.05797797780145298 10
1652629019962 0.06778351292014122 11
1652629043082 0.06521343030035495 12
1652629066052 0.061033888906240466 13
1652629095671 0.0610506839372895 14
1652629121374 0.058095396806796394 15
1652629146741 0.0530673178533713 16
1652629177270 0.053454235972215734 17
1652629202199 0.05683496439208587 18
1652629227217 0.05541110783815384 19
1652629258016 0.053338199853897095 20
1652629282340 0.0573151328346946 21
1652629305932 0.06018856743519956 22
1652629330606 0.06628584997220473 23
1652629354620 0.059056626124815506 24
1652629377843 0.06561691127717495 25
1652629407236 0.06402967385947704 26
1652629433515 0.06310334553321202 27
1652629459059 0.06932432359705369 28
1652629483532 0.0558837852017446 29
1652629507388 0.054033287038857285 30
1652629533135 0.06574208786090215 31
1652629564588 0.06256255911042292 32
1652629589608 0.05895785310051658 33
1652629613886 0.07117340883070772 34
1652629645757 0.06136186048388481 35
