1652628733072 18.996226692199706 0
1652628760325 18.179308700561524 1
1652628787486 15.0976092598655 2
1652628812558 10.952751939946955 3
1652628838209 4.2251904661005195 4
1652628869565 3.4786950024691494 5
1652628894357 4.753247477791526 6
1652628918220 5.829433870315552 7
1652628947187 7.518841075897217 8
1652628972350 5.214858661998402 9
1652628996239 7.370059186762029 10
1652629019962 10.433914422988892 11
1652629043082 15.727790927886963 12
1652629066052 10.951694583892822 13
1652629095671 10.40148657018488 14
1652629121374 11.559961080551147 15
1652629146741 11.449847936630249 16
1652629177270 11.654400984446207 17
1652629202199 11.48742938041687 18
1652629227217 11.10386617978414 19
1652629258016 10.700649817784628 20
1652629282340 11.040871533480557 21
1652629305932 11.331135749816895 22
1652629330606 11.47059475291859 23
1652629354620 11.803802230141379 24
1652629377843 11.153730487823486 25
1652629407236 10.736053562164306 26
1652629433515 10.64956251780192 27
1652629459059 11.228838046391806 28
1652629483532 11.164403915405273 29
1652629507388 10.951527508822354 30
1652629533135 10.60546875 31
1652629564588 10.671261866887411 32
1652629589608 11.12924931266091 33
1652629613886 11.282530351118607 34
1652629645757 11.281302213668823 35
