1652628733072 0.001 0
1652628760325 0.0002 1
1652628787486 0.0004 2
1652628812558 0.0006 3
1652628838209 0.0008 4
1652628869565 0.001 5
1652628894357 0.001 6
1652628918220 0.001 7
1652628947187 0.001 8
1652628972350 0.001 9
1652628996239 0.001 10
1652629019962 0.001 11
1652629043082 0.001 12
1652629066052 0.001 13
1652629095671 0.001 14
1652629121374 0.0001 15
1652629146741 0.0001 16
1652629177270 0.0001 17
1652629202199 0.0001 18
1652629227217 0.0001 19
1652629258016 0.0001 20
1652629282340 0.0001 21
1652629305932 0.0001 22
1652629330606 0.0001 23
1652629354620 0.0001 24
1652629377843 0.0001 25
1652629407236 0.0001 26
1652629433515 0.0001 27
1652629459059 0.0001 28
1652629483532 0.0001 29
1652629507388 0.0001 30
1652629533135 0.0001 31
1652629564588 0.0001 32
1652629589608 0.0001 33
1652629613886 0.0001 34
1652629645757 0.0001 35
