1652628733072 2.997664976119995 0
1652628760325 2.983937668800354 1
1652628787486 2.9007124684073706 2
1652628812558 2.8938815810463647 3
1652628838209 2.8703710816123267 4
1652628869565 2.7767265059731225 5
1652628894357 2.9286922975019976 6
1652628918220 2.761107611656189 7
1652628947187 2.6805189847946167 8
1652628972350 2.754068071191961 9
1652628996239 2.597567493265325 10
1652629019962 2.7389902114868163 11
1652629043082 2.715570497512817 12
1652629066052 2.7177077293395997 13
1652629095671 2.5520826903256504 14
1652629121374 2.7018486658732095 15
1652629146741 2.406803826491038 16
1652629177270 2.4607974886894226 17
1652629202199 2.518752336502075 18
1652629227217 2.4598830938339233 19
1652629258016 2.31911693016688 20
1652629282340 2.402598402716897 21
1652629305932 2.34774048761888 22
1652629330606 2.423460375178944 23
1652629354620 2.3752842166207055 24
1652629377843 2.34637188911438 25
1652629407236 2.3525399446487425 26
1652629433515 2.305623243252436 27
1652629459059 2.277375320593516 28
1652629483532 2.289832212708213 29
1652629507388 2.4891476089304145 30
1652629533135 2.227689882119497 31
1652629564588 2.3160132666428885 32
1652629589608 2.2730212103236807 33
1652629613886 2.3500559546730737 34
1652629645757 2.1871643463770547 35
