1652628733072 0.4480120323598385 0
1652628760325 0.09937015194445849 1
1652628787486 0.03156783920712769 2
1652628812558 0.02065103043886748 3
1652628838209 0.03376994430172173 4
1652628869565 0.021008043941533702 5
1652628894357 0.010690474649891257 6
1652628918220 0.009772867523133754 7
1652628947187 0.010710177547298371 8
1652628972350 0.009058672130446543 9
1652628996239 0.013334384939463978 10
1652629019962 0.017693644016981126 11
1652629043082 0.039947418682277205 12
1652629066052 0.016133324056863785 13
1652629095671 0.01454934602687982 14
1652629121374 0.010960689202571908 15
1652629146741 0.005192341974937638 16
1652629177270 0.0029925186578717935 17
1652629202199 0.001313028207126384 18
1652629227217 0.0007255496360206356 19
1652629258016 0.0003353881902512512 20
1652629282340 0.0003280119119815274 21
1652629305932 0.00031118717941519043 22
1652629330606 0.000281936119294683 23
1652629354620 0.0004015704001755115 24
1652629377843 0.0002182742187869735 25
1652629407236 0.00024303450190927834 26
1652629433515 0.00020056938531827959 27
1652629459059 0.00018348090270592365 28
1652629483532 0.00013374707073539454 29
1652629507388 0.00012935836440936492 30
1652629533135 0.00016277365466521587 31
1652629564588 0.00013271837087813765 32
1652629589608 0.0001851819112992168 33
1652629613886 0.0001848647999312644 34
1652629645757 0.00012815582143351398 35
