1652628733072 5.6944870233535765 0
1652628760325 3.465290880203247 1
1652628787486 0.9310286532748829 2
1652628812558 0.6448133804581382 3
1652628838209 0.5770380659536882 4
1652628869565 0.568761944770813 5
1652628894357 0.5639685500751842 6
1652628918220 0.5371921181678772 7
1652628947187 0.5501574397087097 8
1652628972350 0.5513809431682933 9
1652628996239 0.5404642549428073 10
1652629019962 0.5400134801864624 11
1652629043082 0.5309522926807404 12
1652629066052 0.5349149584770203 13
1652629095671 0.5352518341758035 14
1652629121374 0.5263720552126566 15
1652629146741 0.5228083282709122 16
1652629177270 0.5197112361590067 17
1652629202199 0.5221906378865242 18
1652629227217 0.5240933497746786 19
1652629258016 0.5219076722860336 20
1652629282340 0.5235165086659518 21
1652629305932 0.5254796093160455 22
1652629330606 0.5276378447359259 23
1652629354620 0.5281662344932556 24
1652629377843 0.5255714952945709 25
1652629407236 0.5245530426502227 26
1652629433515 0.528471494714419 27
1652629459059 0.5278643717368444 28
1652629483532 0.5244101611050692 29
1652629507388 0.5298474431037903 30
1652629533135 0.5260429133971533 31
1652629564588 0.5244220445553461 32
1652629589608 0.5236912207169966 33
1652629613886 0.5341287797147577 34
1652629645757 0.5211662401755651 35
