1653083257817 0.2575570393328861 0
1653085361274 0.07872225282837181 1
1653089583454 0.05450628767126967 2
1653091708743 0.04148189621371023 3
1653093855685 0.03476053733537255 4
1653098124645 0.028397533972311016 5
1653100250199 0.02359065611444274 6
1653102365186 0.020297372360582176 7
1653106623699 0.017530080100414226 8
1653108737868 0.014439428300771565 9
1653110894298 0.0134508852569054 10
1653113050349 0.012058464599918753 11
1653115190689 0.010400229775567189 12
1653117295008 0.010143508231574332 13
1653121497444 0.008514648553318533 14
1653123611874 0.007981869429501813 15
1653125725416 0.007506026225281999 16
1653129941365 0.006565346047731627 17
1653132050441 0.006159784943917279 18
1653134147413 0.006062473963274222 19
1653138402513 0.00568276871418767 20
1653140510554 0.005411199980026601 21
1653142607021 0.0046543929214000095 22
1653146831487 0.004204766841614012 23
1653148939525 0.004214223190170976 24
1653151043350 0.003864437946459025 25
1653155258765 0.003823146328117436 26
1653157368393 0.003085607378787443 27
1653159472576 0.0031558462225436293 28
1653163699074 0.00275785300357248 29
1653165807576 0.0025536478237254017 30
1653167908634 0.0022184829563653384 31
1653172130477 0.002067097539753848 32
