1653083257817 11.255728721618652 0
1653085361274 10.027524948120117 1
1653089583454 9.401156425476074 2
1653091708743 8.726849555969238 3
1653093855685 8.061033248901367 4
1653098124645 7.418889999389648 5
1653100250199 6.891469955444336 6
1653102365186 6.454097747802734 7
1653106623699 6.069941520690918 8
1653108737868 5.732006072998047 9
1653110894298 5.437029838562012 10
1653113050349 5.164041996002197 11
1653115190689 4.926072120666504 12
1653117295008 4.722053050994873 13
1653121497444 4.517411708831787 14
1653123611874 4.342340469360352 15
1653125725416 4.185389995574951 16
1653129941365 4.033485412597656 17
1653132050441 3.8994319438934326 18
1653134147413 3.7781996726989746 19
1653138402513 3.6685783863067627 20
1653140510554 3.5597445964813232 21
1653142607021 3.463040828704834 22
1653146831487 3.381009578704834 23
1653148939525 3.3018686771392822 24
1653151043350 3.2298128604888916 25
1653155258765 3.1649415493011475 26
1653157368393 3.1064515113830566 27
1653159472576 3.042102098464966 28
1653163699074 3.006361961364746 29
1653165807576 2.966914653778076 30
1653167908634 2.9308016300201416 31
1653172130477 2.9094035625457764 32
