1653083257817 3.844189750971915 0
1653085361274 1.5904320947840092 1
1653089583454 1.4714321461459137 2
1653091708743 1.4572247912915528 3
1653093855685 1.5297758542334008 4
1653098124645 1.646987529742908 5
1653100250199 1.7765189105820502 6
1653102365186 1.9204735427169544 7
1653106623699 2.071521064061723 8
1653108737868 2.220419180360052 9
1653110894298 2.3666849661788123 10
1653113050349 2.517276577978855 11
1653115190689 2.6531759154468375 12
1653117295008 2.80225327792079 13
1653121497444 2.929581055775239 14
1653123611874 3.0792397711213817 15
1653125725416 3.202970320604388 16
1653129941365 3.3559199077522957 17
1653132050441 3.4519096705811583 18
1653134147413 3.560152062073603 19
1653138402513 3.6591456302665724 20
1653140510554 3.7580876889454355 21
1653142607021 3.8455580626387325 22
1653146831487 3.929986942388736 23
1653148939525 3.981128582233111 24
1653151043350 4.050595128251686 25
1653155258765 4.063407039411911 26
1653157368393 4.107206386185474 27
1653159472576 4.1636749532704895 28
1653163699074 4.185117177897621 29
1653165807576 4.202188978084866 30
1653167908634 4.207045274731145 31
1653172130477 4.203736035641229 32
