1653083257817 4.750747832167566 0
1653085361274 2.6109729511250093 1
1653089583454 2.693533171356152 2
1653091708743 2.83590050580858 3
1653093855685 3.016001757529456 4
1653098124645 3.2580466996455617 5
1653100250199 3.507392369695204 6
1653102365186 3.7665042523829366 7
1653106623699 4.046562238150834 8
1653108737868 4.313236482287591 9
1653110894298 4.544742352513168 10
1653113050349 4.801483016930342 11
1653115190689 5.022056550608089 12
1653117295008 5.2528131775877664 13
1653121497444 5.456729550751957 14
1653123611874 5.6866154262237165 15
1653125725416 5.877630668071955 16
1653129941365 6.118046381282192 17
1653132050441 6.263527844967588 18
1653134147413 6.424153150419918 19
1653138402513 6.567275406553554 20
1653140510554 6.724915318999498 21
1653142607021 6.868304752224726 22
1653146831487 7.003377401631509 23
1653148939525 7.079277474144608 24
1653151043350 7.198578643980374 25
1653155258765 7.222760266555247 26
1653157368393 7.3019314627815675 27
1653159472576 7.4186590600108 28
1653163699074 7.462189825898401 29
1653165807576 7.510380094999938 30
1653167908634 7.5376391779505365 31
1653172130477 7.549093652494237 32
