1653083257817 7.004766952801211 0
1653085361274 3.1785227138696923 1
1653089583454 3.0774766701977465 2
1653091708743 3.064275483153613 3
1653093855685 3.098528988278616 4
1653098124645 3.178656809325448 5
1653100250199 3.2821304291120104 6
1653102365186 3.40844932818315 7
1653106623699 3.5582151255158627 8
1653108737868 3.707438902897513 9
1653110894298 3.8404576704746147 10
1653113050349 3.992073319428974 11
1653115190689 4.1164947813131265 12
1653117295008 4.263371326159132 13
1653121497444 4.380574268937932 14
1653123611874 4.522130039918648 15
1653125725416 4.6430865276886415 16
1653129941365 4.791276114756557 17
1653132050441 4.8847800100764545 18
1653134147413 4.984092029061454 19
1653138402513 5.080715555103619 20
1653140510554 5.174420784360791 21
1653142607021 5.271428107517079 22
1653146831487 5.35517234462895 23
1653148939525 5.407416253265167 24
1653151043350 5.486140144606219 25
1653155258765 5.494895194002398 26
1653157368393 5.547889935148113 27
1653159472576 5.623433220629148 28
1653163699074 5.656989975299576 29
1653165807576 5.684205175057078 30
1653167908634 5.703167223026121 31
1653172130477 5.708221620025389 32
