1653083257817 2e-05 0
1653085361274 4.002837452921808e-06 1
1653089583454 8.007771993840307e-06 2
1653091708743 1.201171991420656e-05 3
1653093855685 1.601468164030113e-05 4
1653098124645 2.0016657355169863e-05 5
1653100250199 2.0037007970766196e-05 6
1653102365186 2.006104682557911e-05 7
1653106623699 2.0088767988380885e-05 8
1653108737868 2.0120164619389403e-05 9
1653110894298 2.0155228971955748e-05 10
1653113050349 2.0193952394475616e-05 11
1653115190689 2.0236325332523925e-05 12
1653117295008 2.0282337331212256e-05 13
1653121497444 2.0331977037768418e-05 14
1653123611874 2.03852322043376e-05 15
1653125725416 2.0442089691004324e-05 16
1653129941365 2.0502535469034525e-05 17
1653132050441 2.0566554624336952e-05 18
1653134147413 2.063413136114297e-05 19
1653138402513 2.0705249005903945e-05 20
1653140510554 2.077989001140519e-05 21
1653142607021 2.0858035961095473e-05 22
1653146831487 2.093966757363103e-05 23
1653148939525 2.102476470763295e-05 24
1653151043350 2.1113306366656754e-05 25
1653155258765 2.1205270704372954e-05 26
1653157368393 2.130063502995731e-05 27
1653159472576 2.1399375813689447e-05 28
1653163699074 2.150146869275848e-05 29
1653165807576 2.1606888477274136e-05 30
1653167908634 2.171560915648202e-05 31
1653172130477 2.182760390518137e-05 32
