1653083257817 0.5630319911780932 0
1653085361274 0.19934757408771356 1
1653089583454 0.10923961110316827 2
1653091708743 0.06894005934305097 3
1653093855685 0.046647559089125455 4
1653098124645 0.032744513815044195 5
1653100250199 0.023660064051184867 6
1653102365186 0.017526069162511003 7
1653106623699 0.013446042465482729 8
1653108737868 0.010593500743457263 9
1653110894298 0.008641833800222163 10
1653113050349 0.007330833225747391 11
1653115190689 0.006441683741490994 12
1653117295008 0.0059072791337846904 13
1653121497444 0.005533056709381345 14
1653123611874 0.005419319699238672 15
1653125725416 0.005370926097239732 16
1653129941365 0.005497802216179099 17
1653132050441 0.005537082515044523 18
1653134147413 0.005685952344066919 19
1653138402513 0.005838082569483152 20
1653140510554 0.006030987214467801 21
1653142607021 0.006221278516518688 22
1653146831487 0.0064141788805766355 23
1653148939525 0.006531566044294966 24
1653151043350 0.006717773870155728 25
1653155258765 0.006719716443893112 26
1653157368393 0.0068236088697568205 27
1653159472576 0.00700334675313035 28
1653163699074 0.007049230246689143 29
1653165807576 0.007097001564723757 30
1653167908634 0.007104125896708511 31
1653172130477 0.007091040391901005 32
