1653083257817 0.7644986411849507 0
1653085361274 0.34137990650371974 1
1653089583454 0.2880317932809183 2
1653091708743 0.2515533433693142 3
1653093855685 0.23014278396946422 4
1653098124645 0.2050444305388017 5
1653100250199 0.18369561923265354 6
1653102365186 0.16878497956571198 7
1653106623699 0.15526160640088338 8
1653108737868 0.14242460250287364 9
1653110894298 0.13568398631180198 10
1653113050349 0.12694428764664836 11
1653115190689 0.12118993741435337 12
1653117295008 0.11675014219036878 13
1653121497444 0.10996350445211829 14
1653123611874 0.10726337773331193 15
1653125725416 0.10454633499751938 16
1653129941365 0.10023861084387957 17
1653132050441 0.09742877087396673 18
1653134147413 0.09574403963833052 19
1653138402513 0.09356179679337755 20
1653140510554 0.09174888261757552 21
1653142607021 0.08921458860593477 22
1653146831487 0.08748486040879541 23
1653148939525 0.08613800626664443 24
1653151043350 0.08415304672139753 25
1653155258765 0.08472445123846771 26
1653157368393 0.082369170266686 27
1653159472576 0.08123280575235281 28
1653163699074 0.07981856679800334 29
1653165807576 0.07937718636155809 30
1653167908634 0.07766675916468141 31
1653172130477 0.07741388046151486 32
