1653083257817 9.670640597844093 0
1653085361274 9.408075161010947 1
1653089583454 8.949378792442538 2
1653091708743 8.364874286905776 3
1653093855685 7.749482553199682 4
1653098124645 7.152703823326168 5
1653100250199 6.66052390974589 6
1653102365186 6.247489067009477 7
1653106623699 5.88370351397567 8
1653108737868 5.564548801495994 9
1653110894298 5.279253284095723 10
1653113050349 5.017708470720818 11
1653115190689 4.788039996320907 12
1653117295008 4.589252363101056 13
1653121497444 4.393400714571644 14
1653123611874 4.221676049059316 15
1653125725416 4.067966653159576 16
1653129941365 3.9211836171450503 17
1653132050441 3.7903062692670426 18
1653134147413 3.670706826462408 19
1653138402513 3.563495640559887 20
1653140510554 3.4565535103494454 21
1653142607021 3.3629504698823043 22
1653146831487 3.2829055472267967 23
1653148939525 3.2049846649868177 24
1653151043350 3.135077690708112 25
1653155258765 3.0696743838625435 26
1653157368393 3.014173071648719 27
1653159472576 2.950710028100108 28
1653163699074 2.9167363399606723 29
1653165807576 2.877886721829157 30
1653167908634 2.8438124113610765 31
1653172130477 2.822831604609571 32
