1652808701835 0.9085683968157796 0
1652808769544 0.18366944887580033 1
1652808862615 0.12955437420066773 2
1652808929057 0.09848443308997659 3
1652808993541 0.07335530429354654 4
1652809084116 0.06218481735603006 5
1652809149182 0.05028071451512824 6
1652809212897 0.030824718987070596 7
1652809301048 0.02168458239380818 8
1652809365287 0.01698067130902864 9
1652809428729 0.01946750446120604 10
1652809492019 0.015477398246345248 11
1652809555106 0.013771801922407309 12
1652809619687 0.006655450437649373 13
1652809708455 0.005240536120425745 14
1652809771939 0.004099828954649103 15
1652809837571 0.0067201308863188485 16
1652809928885 0.006504566450562459 17
1652809994437 0.006209999831952972 18
1652810058707 0.005053340991242508 19
1652810146815 0.0059509868266211605 20
