1652808701835 11.923018215692531 0
1652808769544 2.61813699850562 1
1652808862615 2.665275230045207 2
1652808929057 2.96700130010906 3
1652808993541 3.5457853099756074 4
1652809084116 3.9812061912135075 5
1652809149182 4.2767537462781045 6
1652809212897 4.718585834783666 7
1652809301048 5.12274733431199 8
1652809365287 5.251505082113701 9
1652809428729 5.469948196968837 10
1652809492019 5.529430703555836 11
1652809555106 5.729657983779907 12
1652809619687 6.112229916628669 13
1652809708455 6.119075458190021 14
1652809771939 6.10314759647145 15
1652809837571 6.103440228958576 16
1652809928885 6.149679708201983 17
1652809994437 6.216368772830182 18
1652810058707 6.232123879825368 19
1652810146815 6.257589084961835 20
