1652808701835 11.05911372000711 0
1652808769544 1.9847222448092454 1
1652808862615 1.831484726297925 2
1652808929057 1.9862992024561117 3
1652808993541 2.333413589070415 4
1652809084116 2.600727733812834 5
1652809149182 2.738412664647688 6
1652809212897 2.9575664842829985 7
1652809301048 3.20409775761997 8
1652809365287 3.3010350946794476 9
1652809428729 3.4914935736628303 10
1652809492019 3.4671104024438297 11
1652809555106 3.534540135720197 12
1652809619687 3.699440057137433 13
1652809708455 3.6886711288900935 14
1652809771939 3.6030273157007553 15
1652809837571 3.6737586029788902 16
1652809928885 3.7489553947894896 17
1652809994437 3.7856640313801013 18
1652810058707 3.710604318450479 19
1652810146815 3.7544253812116737 20
