1652808701835 10.254975318908691 0
1652808769544 6.447794437408447 1
1652808862615 5.118719100952148 2
1652808929057 4.175919532775879 3
1652808993541 3.4705746173858643 4
1652809084116 2.94989275932312 5
1652809149182 2.4655580520629883 6
1652809212897 2.0927038192749023 7
1652809301048 1.9143707752227783 8
1652809365287 1.7909656763076782 9
1652809428729 1.7623953819274902 10
1652809492019 1.705202579498291 11
1652809555106 1.57536780834198 12
1652809619687 1.462270975112915 13
1652809708455 1.43424654006958 14
1652809771939 1.373859167098999 15
1652809837571 1.4340307712554932 16
1652809928885 1.44899320602417 17
1652809994437 1.4882426261901855 18
1652810058707 1.4418648481369019 19
1652810146815 1.4648354053497314 20
