1652808701835 15.44647142901058 0
1652808769544 6.793750506395485 1
1652808862615 5.891409762421547 2
1652808929057 5.571006855769464 3
1652808993541 5.615177901864749 4
1652809084116 5.690169267487108 5
1652809149182 5.701803346823531 6
1652809212897 5.811589420542997 7
1652809301048 5.9524877267725325 8
1652809365287 5.97346718269482 9
1652809428729 6.038565942418505 10
1652809492019 6.09387851041906 11
1652809555106 6.1396559154286106 12
1652809619687 6.287913678674137 13
1652809708455 6.328659441891839 14
1652809771939 6.267861060535206 15
1652809837571 6.226421780056423 16
1652809928885 6.28418281064396 17
1652809994437 6.336379940746821 18
1652810058707 6.321465138828053 19
1652810146815 6.3554942046894745 20
