1652808701835 0.0002 0
1652808769544 4.000171337512222e-05 1
1652808862615 7.99845805047473e-05 2
1652808929057 0.00011994003187213185 3
1652808993541 0.00015986804750718378 4
1652809084116 0.00019976858860249104 5
1652809149182 0.00019948607572654347 6
1652809212897 0.00019915265499237064 7
1652809301048 0.000198768554909889 8
1652809365287 0.0001983340387221089 9
1652809428729 0.00019784940422472086 10
1652809492019 0.00019731498356200135 11
1652809555106 0.0001967311429991777 12
1652809619687 0.00019609828267140816 13
1652809708455 0.00019541683630954932 14
1652809771939 0.0001946872709428986 15
1652809837571 0.00019391008657911567 16
1652809928885 0.0001930858158615423 17
1652809994437 0.000192215023704155 18
1652810058707 0.00019129830690440145 19
1652810146815 0.00019033629373418518 20
