1652808701835 6.107043698517202 0
1652808769544 5.380087865026374 1
1652808862615 4.353527929350647 2
1652808929057 3.5565882231059827 3
1652808993541 2.9715001820123685 4
1652809084116 2.5075381248317963 5
1652809149182 2.1018462836393836 6
1652809212897 1.8135321932680466 7
1652809301048 1.6645931194810306 8
1652809365287 1.5696925963574684 9
1652809428729 1.526490084609093 10
1652809492019 1.4946695054278654 11
1652809555106 1.3959326176082387 12
1652809619687 1.3215265835032743 13
1652809708455 1.2905130126897026 14
1652809771939 1.2459969155928667 15
1652809837571 1.2903394852465355 16
1652809928885 1.3081780672073364 17
1652809994437 1.3348538408502502 18
1652810058707 1.302879981433644 19
1652810146815 1.3260444592027103 20
