1652808701835 2.3249808666650313 0
1652808769544 0.5604129583950628 1
1652808862615 0.4505446875816462 2
1652808929057 0.39894234228672254 3
1652808993541 0.33914778652541033 4
1652809084116 0.3135000797565918 5
1652809149182 0.2646391760770297 6
1652809212897 0.20958998177803176 7
1652809301048 0.19703815306180758 8
1652809365287 0.17922952496419436 9
1652809428729 0.19493191176344646 10
1652809492019 0.17732126115109115 11
1652809555106 0.15015962067768937 12
1652809619687 0.12038298176245435 13
1652809708455 0.12629229674922124 14
1652809771939 0.11329919695888427 15
1652809837571 0.12711034015447636 16
1652809928885 0.1248049142930285 17
1652809994437 0.137882883919196 18
1652810058707 0.12543124412186443 19
1652810146815 0.12455429379924146 20
