1652808701835 0.9143811770175633 0
1652808769544 0.32362461087364724 1
1652808862615 0.18509218153238777 2
1652808929057 0.12190470642584501 3
1652808993541 0.08657147705947098 4
1652809084116 0.06666954554214377 5
1652809149182 0.048791654516904676 6
1652809212897 0.038756723573212234 7
1652809301048 0.031054800321512362 8
1652809365287 0.025062867685368185 9
1652809428729 0.02150578134589725 10
1652809492019 0.017734390541034588 11
1652809555106 0.015503767053322758 12
1652809619687 0.013705871158334262 13
1652809708455 0.012200569492929123 14
1652809771939 0.010463239488137118 15
1652809837571 0.009860855015267057 16
1652809928885 0.009505570800811575 17
1652809994437 0.00929586983378432 18
1652810058707 0.00850023418555365 19
1652810146815 0.00828570369631052 20
